Title:
*inverter
Date:
Mon
Feb
13
14:37:51

2012
Plotname:
Transient
Analysis
Flags:
real
No.
Variables:
3
No.
Points:
192





Variables:

0
time
time

1
v(out)
voltage

2
v(in)
voltage
Values:
0

0.000000000000000e+00

1.099997340338807e+00

0.000000000000000e+00
1

5.000000000000001e-12

1.100002660433592e+00

5.500000000000001e-03
2

1.000000000000000e-11

1.100007921615105e+00

1.100000000000000e-02
3

2.000000000000000e-11

1.100018321106338e+00

2.200000000000000e-02
4

4.000000000000000e-11

1.100038396632285e+00

4.400000000000000e-02
5

8.000000000000001e-11

1.100075528349954e+00

8.800000000000001e-02
6

1.600000000000000e-10

1.100127387530471e+00

1.760000000000000e-01
7

3.200000000000000e-10

1.098719821431923e+00

3.520000000000000e-01
8

6.400000000000001e-10

1.014840931056354e+00

7.040000000000001e-01
9

1.000000000000000e-09

7.128827926274617e-01

1.100000000000000e+00
10

1.057506007751742e-09

6.465977999823209e-01

1.100000000000000e+00
11

1.172518023255225e-09

5.168321925269230e-01

1.100000000000000e+00
12

1.402542054262191e-09

2.912003700897988e-01

1.100000000000000e+00
13

1.862590116276123e-09

5.003887865667142e-02

1.100000000000000e+00
14

2.166957339621818e-09

1.314677770083257e-02

1.100000000000000e+00
15

2.403833876107122e-09

4.765044163443483e-03

1.100000000000000e+00
16

2.714191934399401e-09

1.129161635959210e-03

1.100000000000000e+00
17

3.161266221817009e-09

6.539909531535075e-05

1.100000000000000e+00
18

3.938481705506149e-09

-1.280110622099158e-05

1.100000000000000e+00
19

4.938481705506149e-09

5.710306242886952e-06

1.100000000000000e+00
20

5.938481705506149e-09

-1.265883085390044e-06

1.100000000000000e+00
21

6.938481705506149e-09

1.048242687522996e-06

1.100000000000000e+00
22

7.938481705506149e-09

2.791422214873102e-07

1.100000000000000e+00
23

8.938481705506149e-09

5.345825209050202e-07

1.100000000000000e+00
24

9.938481705506150e-09

4.497186622548359e-07

1.100000000000000e+00
25

1.093848170550615e-08

4.777978549055186e-07

1.100000000000000e+00
26

1.100000000000000e-08

4.762886314031965e-07

1.099999999999999e+00
27

1.110000000000000e-08

-7.663254616960717e-05

9.900000000000002e-01
28

1.130000000000000e-08

7.254926555503099e-05

7.700000000000001e-01
29

1.156765426888639e-08

2.300785307345002e-02

4.755803042249705e-01
30

1.188528404492352e-08

1.472433193435702e-01

1.261875505841316e-01
31

1.200000000000000e-08

2.264766575037188e-01

4.549312315749177e-16
32

1.203447875579082e-08

2.527717268306892e-01

0.000000000000000e+00
33

1.210343626737246e-08

3.048928346956495e-01

0.000000000000000e+00
34

1.224135129053575e-08

4.062549523662783e-01

0.000000000000000e+00
35

1.251718133686232e-08

5.954566198365551e-01

0.000000000000000e+00
36

1.306884142951547e-08

8.813082884001162e-01

0.000000000000000e+00
37

1.406884142951547e-08

1.087372596642923e+00

0.000000000000000e+00
38

1.506884142951547e-08

1.100390282464040e+00

0.000000000000000e+00
39

1.606884142951546e-08

1.099983156836541e+00

0.000000000000000e+00
40

1.706884142951546e-08

1.099997855098401e+00

0.000000000000000e+00
41

1.806884142951546e-08

1.099997320850795e+00

0.000000000000000e+00
42

1.906884142951546e-08

1.099997340377464e+00

0.000000000000000e+00
43

2.006884142951546e-08

1.099997340347628e+00

0.000000000000000e+00
44

2.106884142951546e-08

1.099997340323383e+00

0.000000000000000e+00
45

2.200000000000000e-08

1.099997340349457e+00

0.000000000000000e+00
46

2.210000000000000e-08

1.100081095679890e+00

1.100000000000010e-01
47

2.230000000000000e-08

1.099041121072430e+00

3.299999999999993e-01
48

2.270000000000000e-08

9.722905488632640e-01

7.699999999999997e-01
49

2.300000000000000e-08

7.036138579709925e-01

1.099999999999999e+00
50

2.305688124891878e-08

6.381989161459861e-01

1.100000000000000e+00
51

2.317064374675635e-08

5.101783432562547e-01

1.100000000000000e+00
52

2.339816874243149e-08

2.880550035011629e-01

1.100000000000000e+00
53

2.385321873378176e-08

5.050466883271908e-02

1.100000000000000e+00
54

2.415265979553314e-08

1.365969853729175e-02

1.100000000000000e+00
55

2.438914829288021e-08

4.963170909039021e-03

1.100000000000000e+00
56

2.469849047156534e-08

1.184134874227186e-03

1.100000000000000e+00
57

2.514334181381538e-08

7.152856456352199e-05

1.100000000000000e+00
58

2.590662729158821e-08

-1.347097174629718e-05

1.100000000000000e+00
59

2.690662729158821e-08

5.983618711574217e-06

1.100000000000000e+00
60

2.790662729158821e-08

-1.355929085678157e-06

1.100000000000000e+00
61

2.890662729158821e-08

1.078167993363742e-06

1.100000000000000e+00
62

2.990662729158821e-08

2.692053866262961e-07

1.100000000000000e+00
63

3.090662729158821e-08

5.378847435920352e-07

1.100000000000000e+00
64

3.190662729158821e-08

4.486219183260554e-07

1.100000000000000e+00
65

3.290662729158822e-08

4.781623613606771e-07

1.100000000000000e+00
66

3.300000000000000e-08

4.758694989569200e-07

1.099999999999998e+00
67

3.310000000000001e-08

-7.663284968463346e-05

9.899999999999965e-01
68

3.330000000000001e-08

7.254912318676314e-05

7.699999999999946e-01
69

3.356765426879166e-08

2.300785297467567e-02

4.755803043291758e-01
70

3.388528404495281e-08

1.472433192917195e-01

1.261875505519157e-01
71

3.400000000000000e-08

2.264766574358351e-01

2.274764578091837e-15
72

3.403447875574710e-08

2.527717267303509e-01

0.000000000000000e+00
73

3.410343626724130e-08

3.048928345316081e-01

0.000000000000000e+00
74

3.424135129022970e-08

4.062549520824565e-01

0.000000000000000e+00
75

3.451718133620649e-08

5.954566193574509e-01

0.000000000000000e+00
76

3.506884142816009e-08

8.813082878391602e-01

0.000000000000000e+00
77

3.606884142816009e-08

1.087372596558962e+00

0.000000000000000e+00
78

3.706884142816009e-08

1.100390282466174e+00

0.000000000000000e+00
79

3.806884142816009e-08

1.099983156836463e+00

0.000000000000000e+00
80

3.906884142816010e-08

1.099997855098404e+00

0.000000000000000e+00
81

4.006884142816010e-08

1.099997320850794e+00

0.000000000000000e+00
82

4.106884142816010e-08

1.099997340377465e+00

0.000000000000000e+00
83

4.206884142816010e-08

1.099997340347629e+00

0.000000000000000e+00
84

4.306884142816011e-08

1.099997340323382e+00

0.000000000000000e+00
85

4.400000000000000e-08

1.099997340349457e+00

0.000000000000000e+00
86

4.410000000000000e-08

1.100081095679890e+00

1.100000000000010e-01
87

4.430000000000001e-08

1.099041121072430e+00

3.300000000000030e-01
88

4.470000000000000e-08

9.722905488632649e-01

7.699999999999997e-01
89

4.500000000000001e-08

7.036138579709901e-01

1.100000000000000e+00
90

4.505688124891879e-08

6.381989161459838e-01

1.100000000000000e+00
91

4.517064374675636e-08

5.101783432562526e-01

1.100000000000000e+00
92

4.539816874243149e-08

2.880550035011619e-01

1.100000000000000e+00
93

4.585321873378176e-08

5.050466883271922e-02

1.100000000000000e+00
94

4.615265979553314e-08

1.365969853729215e-02

1.100000000000000e+00
95

4.638914829288020e-08

4.963170909039223e-03

1.100000000000000e+00
96

4.669849047156534e-08

1.184134874227237e-03

1.100000000000000e+00
97

4.714334181381538e-08

7.152856456352542e-05

1.100000000000000e+00
98

4.790662729158820e-08

-1.347097174629723e-05

1.100000000000000e+00
99

4.890662729158820e-08

5.983618711574217e-06

1.100000000000000e+00
100

4.990662729158820e-08

-1.355929085678157e-06

1.100000000000000e+00
101

5.090662729158820e-08

1.078167993363742e-06

1.100000000000000e+00
102

5.190662729158821e-08

2.692053866262079e-07

1.100000000000000e+00
103

5.290662729158821e-08

5.378847435920352e-07

1.100000000000000e+00
104

5.390662729158821e-08

4.486219183260554e-07

1.100000000000000e+00
105

5.490662729158821e-08

4.781623613607652e-07

1.100000000000000e+00
106

5.500000000000000e-08

4.758694989589156e-07

1.100000000000000e+00
107

5.510000000000000e-08

-7.663284968463864e-05

9.900000000000002e-01
108

5.530000000000001e-08

7.254912318672993e-05

7.699999999999982e-01
109

5.556765426879166e-08

2.300785297467508e-02

4.755803043291794e-01
110

5.588528404495281e-08

1.472433192917207e-01

1.261875505519121e-01
111

5.600000000000001e-08

2.264766574358366e-01

0.000000000000000e+00
112

5.603447875574711e-08

2.527717267303524e-01

0.000000000000000e+00
113

5.610343626724131e-08

3.048928345316096e-01

0.000000000000000e+00
114

5.624135129022970e-08

4.062549520824582e-01

0.000000000000000e+00
115

5.651718133620650e-08

5.954566193574529e-01

0.000000000000000e+00
116

5.706884142816009e-08

8.813082878391623e-01

0.000000000000000e+00
117

5.806884142816009e-08

1.087372596558962e+00

0.000000000000000e+00
118

5.906884142816010e-08

1.100390282466174e+00

0.000000000000000e+00
119

6.006884142816009e-08

1.099983156836463e+00

0.000000000000000e+00
120

6.106884142816009e-08

1.099997855098404e+00

0.000000000000000e+00
121

6.206884142816008e-08

1.099997320850794e+00

0.000000000000000e+00
122

6.306884142816008e-08

1.099997340377465e+00

0.000000000000000e+00
123

6.406884142816008e-08

1.099997340347629e+00

0.000000000000000e+00
124

6.506884142816007e-08

1.099997340323383e+00

0.000000000000000e+00
125

6.600000000000001e-08

1.099997340349457e+00

0.000000000000000e+00
126

6.610000000000000e-08

1.100081095679891e+00

1.099999999999937e-01
127

6.630000000000000e-08

1.099041121072430e+00

3.299999999999957e-01
128

6.670000000000001e-08

9.722905488632660e-01

7.699999999999997e-01
129

6.700000000000000e-08

7.036138579709982e-01

1.099999999999995e+00
130

6.705688124891878e-08

6.381989161459919e-01

1.100000000000000e+00
131

6.717064374675636e-08

5.101783432562608e-01

1.100000000000000e+00
132

6.739816874243149e-08

2.880550035011686e-01

1.100000000000000e+00
133

6.785321873378176e-08

5.050466883272151e-02

1.100000000000000e+00
134

6.815265979553314e-08

1.365969853729189e-02

1.100000000000000e+00
135

6.838914829288021e-08

4.963170909039079e-03

1.100000000000000e+00
136

6.869849047156535e-08

1.184134874227189e-03

1.100000000000000e+00
137

6.914334181381538e-08

7.152856456353501e-05

1.100000000000000e+00
138

6.990662729158821e-08

-1.347097174630002e-05

1.100000000000000e+00
139

7.090662729158820e-08

5.983618711574922e-06

1.100000000000000e+00
140

7.190662729158820e-08

-1.355929085678333e-06

1.100000000000000e+00
141

7.290662729158820e-08

1.078167993363830e-06

1.100000000000000e+00
142

7.390662729158819e-08

2.692053866262961e-07

1.100000000000000e+00
143

7.490662729158819e-08

5.378847435921234e-07

1.100000000000000e+00
144

7.590662729158818e-08

4.486219183260554e-07

1.100000000000000e+00
145

7.690662729158818e-08

4.781623613606771e-07

1.100000000000000e+00
146

7.700000000000001e-08

4.758694989537970e-07

1.099999999999994e+00
147

7.710000000000001e-08

-7.663284968463815e-05

9.900000000000002e-01
148

7.730000000000001e-08

7.254912318672830e-05

7.699999999999982e-01
149

7.756765426879166e-08

2.300785297467500e-02

4.755803043291794e-01
150

7.788528404495282e-08

1.472433192917203e-01

1.261875505519121e-01
151

7.800000000000001e-08

2.264766574358362e-01

0.000000000000000e+00
152

7.803447875574710e-08

2.527717267303519e-01

0.000000000000000e+00
153

7.810343626724130e-08

3.048928345316089e-01

0.000000000000000e+00
154

7.824135129022971e-08

4.062549520824572e-01

0.000000000000000e+00
155

7.851718133620650e-08

5.954566193574511e-01

0.000000000000000e+00
156

7.906884142816009e-08

8.813082878391602e-01

0.000000000000000e+00
157

8.006884142816009e-08

1.087372596558962e+00

0.000000000000000e+00
158

8.106884142816008e-08

1.100390282466174e+00

0.000000000000000e+00
159

8.206884142816008e-08

1.099983156836463e+00

0.000000000000000e+00
160

8.306884142816007e-08

1.099997855098404e+00

0.000000000000000e+00
161

8.406884142816007e-08

1.099997320850794e+00

0.000000000000000e+00
162

8.506884142816006e-08

1.099997340377464e+00

0.000000000000000e+00
163

8.606884142816006e-08

1.099997340347629e+00

0.000000000000000e+00
164

8.706884142816006e-08

1.099997340323382e+00

0.000000000000000e+00
165

8.800000000000001e-08

1.099997340349457e+00

0.000000000000000e+00
166

8.810000000000000e-08

1.100081095679890e+00

1.099999999999937e-01
167

8.830000000000000e-08

1.099041121072430e+00

3.299999999999957e-01
168

8.870000000000001e-08

9.722905488632654e-01

7.699999999999997e-01
169

8.900000000000000e-08

7.036138579709970e-01

1.099999999999995e+00
170

8.905688124891878e-08

6.381989161459908e-01

1.100000000000000e+00
171

8.917064374675636e-08

5.101783432562600e-01

1.100000000000000e+00
172

8.939816874243149e-08

2.880550035011685e-01

1.100000000000000e+00
173

8.985321873378176e-08

5.050466883272173e-02

1.100000000000000e+00
174

9.015265979553314e-08

1.365969853729194e-02

1.100000000000000e+00
175

9.038914829288021e-08

4.963170909039106e-03

1.100000000000000e+00
176

9.069849047156534e-08

1.184134874227192e-03

1.100000000000000e+00
177

9.114334181381538e-08

7.152856456353633e-05

1.100000000000000e+00
178

9.190662729158821e-08

-1.347097174630051e-05

1.100000000000000e+00
179

9.290662729158820e-08

5.983618711575275e-06

1.100000000000000e+00
180

9.390662729158820e-08

-1.355929085678421e-06

1.100000000000000e+00
181

9.490662729158819e-08

1.078167993363919e-06

1.100000000000000e+00
182

9.590662729158819e-08

2.692053866261197e-07

1.100000000000000e+00
183

9.690662729158819e-08

5.378847435920352e-07

1.100000000000000e+00
184

9.790662729158818e-08

4.486219183260554e-07

1.100000000000000e+00
185

9.890662729158818e-08

4.781623613606771e-07

1.100000000000000e+00
186

9.900000000000001e-08

4.758694989537970e-07

1.099999999999994e+00
187

9.910000000000001e-08

-7.663284968463815e-05

9.900000000000002e-01
188

9.930000000000001e-08

7.254912318672830e-05

7.699999999999982e-01
189

9.956765426879166e-08

2.300785297467500e-02

4.755803043291794e-01
190

9.988528404495281e-08

1.472433192917203e-01

1.261875505519121e-01
191

1.000000000000000e-07

2.264766574358362e-01

0.000000000000000e+00
