Title:
*inverter
Date:
Fri
Jun
25
04:19:18

2010
Plotname:
Transient
Analysis
Flags:
real
No.
Variables:
3
No.
Points:
201





Variables:

0
time
time

1
v(out)
voltage

2
v(in)
voltage
Values:
0

0.000000000000000e+00

1.099998980678003e+00

0.000000000000000e+00
1

5.000000000000001e-12

1.100019133903727e+00

5.500000000000001e-03
2

1.000000000000000e-11

1.100038319318257e+00

1.100000000000000e-02
3

2.000000000000000e-11

1.100074845129489e+00

2.200000000000000e-02
4

4.000000000000000e-11

1.100138029978800e+00

4.400000000000000e-02
5

8.000000000000001e-11

1.100234115526706e+00

8.800000000000001e-02
6

1.600000000000000e-10

1.100345076989233e+00

1.760000000000000e-01
7

3.200000000000000e-10

1.099382886251753e+00

3.520000000000000e-01
8

6.400000000000001e-10

1.017563662998270e+00

7.040000000000001e-01
9

1.000000000000000e-09

7.175261456115203e-01

1.100000000000000e+00
10

1.057469846274474e-09

6.513684904584104e-01

1.100000000000000e+00
11

1.172409538823422e-09

5.217900418547130e-01

1.100000000000000e+00
12

1.402288923921319e-09

2.956181732104752e-01

1.100000000000000e+00
13

1.862047694117111e-09

5.179740391803651e-02

1.100000000000000e+00
14

2.174101495779890e-09

1.310041521248676e-02

1.100000000000000e+00
15

2.412327139934100e-09

4.729510207447285e-03

1.100000000000000e+00
16

2.724719222870704e-09

1.112381066009293e-03

1.100000000000000e+00
17

3.166766736628606e-09

7.341270698271304e-05

1.100000000000000e+00
18

3.952474218668126e-09

-1.292322290638246e-05

1.100000000000000e+00
19

4.952474218668126e-09

7.815388741484540e-06

1.100000000000000e+00
20

5.952474218668125e-09

1.302406171694213e-07

1.100000000000000e+00
21

6.952474218668125e-09

2.670919552437914e-06

1.100000000000000e+00
22

7.952474218668126e-09

1.829634672158204e-06

1.100000000000000e+00
23

8.952474218668127e-09

2.107852912307810e-06

1.100000000000000e+00
24

9.952474218668127e-09

2.015631833047232e-06

1.100000000000000e+00
25

1.095247421866813e-08

2.046240324302175e-06

1.100000000000000e+00
26

1.100000000000000e-08

2.044844655655363e-06

1.099999999999999e+00
27

1.109505156266375e-08

-1.395359407988301e-04

9.954432810698792e-01
28

1.128515468799124e-08

5.051044742554361e-04

7.863298432096387e-01
29

1.148804146466620e-08

4.068045625104189e-02

5.631543888671812e-01
30

1.169361480588527e-08

2.361481277406314e-01

3.370237135262060e-01
31

1.193126054837240e-08

7.062805324141822e-01

7.561339679036183e-02
32

1.200000000000000e-08

8.583137027290814e-01

4.549312315749177e-16
33

1.204752914849743e-08

9.294049796944021e-01

0.000000000000000e+00
34

1.214258744549228e-08

1.031624756651470e+00

0.000000000000000e+00
35

1.233270403948198e-08

1.096912691914022e+00

0.000000000000000e+00
36

1.261837200570890e-08

1.100563654114562e+00

0.000000000000000e+00
37

1.293253797322522e-08

1.099868810815499e+00

0.000000000000000e+00
38

1.352159311404300e-08

1.100063972623610e+00

0.000000000000000e+00
39

1.452159311404300e-08

1.099955359029699e+00

0.000000000000000e+00
40

1.552159311404300e-08

1.100028296028448e+00

0.000000000000000e+00
41

1.652159311404300e-08

1.099979300561368e+00

0.000000000000000e+00
42

1.752159311404300e-08

1.100012185913350e+00

0.000000000000000e+00
43

1.852159311404300e-08

1.099990109523657e+00

0.000000000000000e+00
44

1.952159311404299e-08

1.100004931134864e+00

0.000000000000000e+00
45

2.052159311404299e-08

1.099994982088260e+00

0.000000000000000e+00
46

2.152159311404299e-08

1.100001662253480e+00

0.000000000000000e+00
47

2.200000000000000e-08

1.099997858944306e+00

0.000000000000000e+00
48

2.210000000000000e-08

1.100214347247389e+00

1.100000000000010e-01
49

2.230000000000000e-08

1.099685490109496e+00

3.299999999999993e-01
50

2.270000000000000e-08

9.746043026280496e-01

7.699999999999997e-01
51

2.300000000000000e-08

7.070826363353142e-01

1.099999999999999e+00
52

2.305681845411856e-08

6.418423971191822e-01

1.100000000000000e+00
53

2.317045536235569e-08

5.141082321250507e-01

1.100000000000000e+00
54

2.339772917882995e-08

2.917449125285466e-01

1.100000000000000e+00
55

2.385227681177846e-08

5.210016912845050e-02

1.100000000000000e+00
56

2.415818764667283e-08

1.366459889725805e-02

1.100000000000000e+00
57

2.439589010648455e-08

4.948993182370310e-03

1.100000000000000e+00
58

2.470701876642221e-08

1.173798011984787e-03

1.100000000000000e+00
59

2.514742512817292e-08

7.956103223276787e-05

1.100000000000000e+00
60

2.591698701794443e-08

-1.346436109919614e-05

1.100000000000000e+00
61

2.691698701794443e-08

8.050547899878530e-06

1.100000000000000e+00
62

2.791698701794443e-08

5.318442035317553e-08

1.100000000000000e+00
63

2.891698701794443e-08

2.696415221987606e-06

1.100000000000000e+00
64

2.991698701794443e-08

1.821195931033789e-06

1.100000000000000e+00
65

3.091698701794444e-08

2.110646737877785e-06

1.100000000000000e+00
66

3.191698701794444e-08

2.014707435213980e-06

1.100000000000000e+00
67

3.291698701794444e-08

2.046545306173082e-06

1.100000000000000e+00
68

3.300000000000000e-08

2.044224837968824e-06

1.099999999999998e+00
69

3.310000000000001e-08

-1.443162228542904e-04

9.899999999999965e-01
70

3.330000000000001e-08

9.333762923125417e-04

7.699999999999946e-01
71

3.349243822835748e-08

4.149578082523867e-02

5.583179488067791e-01
72

3.369966795212202e-08

2.442891370151615e-01

3.303652526657848e-01
73

3.393585094283175e-08

7.149266170676630e-01

7.056396288507698e-02
74

3.400000000000000e-08

8.569117557471282e-01

2.274764578091837e-15
75

3.404723659814195e-08

9.280410462579149e-01

0.000000000000000e+00
76

3.414170979442584e-08

1.030561272337570e+00

0.000000000000000e+00
77

3.433065618699363e-08

1.096626398771180e+00

0.000000000000000e+00
78

3.461520297255120e-08

1.100609079800498e+00

0.000000000000000e+00
79

3.492798008892832e-08

1.099859608891824e+00

0.000000000000000e+00
80

3.551197560696042e-08

1.100068113802808e+00

0.000000000000000e+00
81

3.651197560696042e-08

1.099952583059330e+00

0.000000000000000e+00
82

3.751197560696042e-08

1.100030166697791e+00

0.000000000000000e+00
83

3.851197560696043e-08

1.099978046457829e+00

0.000000000000000e+00
84

3.951197560696043e-08

1.100013027936824e+00

0.000000000000000e+00
85

4.051197560696043e-08

1.099989544204316e+00

0.000000000000000e+00
86

4.151197560696043e-08

1.100005310447469e+00

0.000000000000000e+00
87

4.251197560696044e-08

1.099994727259628e+00

0.000000000000000e+00
88

4.351197560696044e-08

1.100001833181601e+00

0.000000000000000e+00
89

4.400000000000000e-08

1.099997764134231e+00

0.000000000000000e+00
90

4.410000000000000e-08

1.100214297744259e+00

1.100000000000010e-01
91

4.430000000000001e-08

1.099685487777521e+00

3.300000000000030e-01
92

4.470000000000000e-08

9.746043034373960e-01

7.699999999999997e-01
93

4.500000000000001e-08

7.070826370877840e-01

1.100000000000000e+00
94

4.505681847357759e-08

6.418423759056022e-01

1.100000000000000e+00
95

4.517045542073276e-08

5.141081692771617e-01

1.100000000000000e+00
96

4.539772931504310e-08

2.917448010416290e-01

1.100000000000000e+00
97

4.585227710366377e-08

5.210008910371002e-02

1.100000000000000e+00
98

4.615818777059849e-08

1.366458954230034e-02

1.100000000000000e+00
99

4.639589020881653e-08

4.948990293847977e-03

1.100000000000000e+00
100

4.670701883908874e-08

1.173797544910268e-03

1.100000000000000e+00
101

4.714742547966559e-08

7.956063194252866e-05

1.100000000000000e+00
102

4.791698741328744e-08

-1.346427972720639e-05

1.100000000000000e+00
103

4.891698741328744e-08

8.050520164767033e-06

1.100000000000000e+00
104

4.991698741328744e-08

5.319355344643102e-08

1.100000000000000e+00
105

5.091698741328744e-08

2.696412200617855e-06

1.100000000000000e+00
106

5.191698741328745e-08

1.821196931228718e-06

1.100000000000000e+00
107

5.291698741328745e-08

2.110646406581413e-06

1.100000000000000e+00
108

5.391698741328745e-08

2.014707545006111e-06

1.100000000000000e+00
109

5.491698741328745e-08

2.046545269773098e-06

1.100000000000000e+00
110

5.500000000000000e-08

2.044224821117888e-06

1.100000000000000e+00
111

5.510000000000000e-08

-1.443162228665306e-04

9.900000000000002e-01
112

5.530000000000001e-08

9.333762923067201e-04

7.699999999999982e-01
113

5.549243822835748e-08

4.149578082523717e-02

5.583179488067754e-01
114

5.569966795212201e-08

2.442891370151576e-01

3.303652526657884e-01
115

5.593585094283175e-08

7.149266170676566e-01

7.056396288508061e-02
116

5.600000000000001e-08

8.569117557471354e-01

0.000000000000000e+00
117

5.604723659814195e-08

9.280410462579199e-01

0.000000000000000e+00
118

5.614170979442585e-08

1.030561272337572e+00

0.000000000000000e+00
119

5.633065618699363e-08

1.096626398771180e+00

0.000000000000000e+00
120

5.661520297255121e-08

1.100609079800498e+00

0.000000000000000e+00
121

5.692798008892833e-08

1.099859608891825e+00

0.000000000000000e+00
122

5.751197560696043e-08

1.100068113802809e+00

0.000000000000000e+00
123

5.851197560696043e-08

1.099952583059330e+00

0.000000000000000e+00
124

5.951197560696044e-08

1.100030166697790e+00

0.000000000000000e+00
125

6.051197560696043e-08

1.099978046457828e+00

0.000000000000000e+00
126

6.151197560696043e-08

1.100013027936824e+00

0.000000000000000e+00
127

6.251197560696042e-08

1.099989544204316e+00

0.000000000000000e+00
128

6.351197560696042e-08

1.100005310447469e+00

0.000000000000000e+00
129

6.451197560696041e-08

1.099994727259628e+00

0.000000000000000e+00
130

6.551197560696041e-08

1.100001833181601e+00

0.000000000000000e+00
131

6.600000000000001e-08

1.099997764134231e+00

0.000000000000000e+00
132

6.610000000000000e-08

1.100214297744259e+00

1.099999999999937e-01
133

6.630000000000000e-08

1.099685487777521e+00

3.299999999999957e-01
134

6.670000000000001e-08

9.746043034373975e-01

7.699999999999997e-01
135

6.700000000000000e-08

7.070826370877921e-01

1.099999999999995e+00
136

6.705681847357759e-08

6.418423759056104e-01

1.100000000000000e+00
137

6.717045542073276e-08

5.141081692771704e-01

1.100000000000000e+00
138

6.739772931504309e-08

2.917448010416374e-01

1.100000000000000e+00
139

6.785227710366377e-08

5.210008910371348e-02

1.100000000000000e+00
140

6.815818777059850e-08

1.366458954230038e-02

1.100000000000000e+00
141

6.839589020881654e-08

4.948990293847988e-03

1.100000000000000e+00
142

6.870701883908875e-08

1.173797544910247e-03

1.100000000000000e+00
143

6.914742547966560e-08

7.956063194254411e-05

1.100000000000000e+00
144

6.991698741328745e-08

-1.346427972722408e-05

1.100000000000000e+00
145

7.091698741328744e-08

8.050520164758220e-06

1.100000000000000e+00
146

7.191698741328744e-08

5.319355344942668e-08

1.100000000000000e+00
147

7.291698741328744e-08

2.696412200616973e-06

1.100000000000000e+00
148

7.391698741328743e-08

1.821196931229246e-06

1.100000000000000e+00
149

7.491698741328743e-08

2.110646406581237e-06

1.100000000000000e+00
150

7.591698741328742e-08

2.014707545006287e-06

1.100000000000000e+00
151

7.691698741328742e-08

2.046545269773275e-06

1.100000000000000e+00
152

7.700000000000001e-08

2.044224821108205e-06

1.099999999999994e+00
153

7.710000000000001e-08

-1.443162228665290e-04

9.900000000000002e-01
154

7.730000000000001e-08

9.333762923067174e-04

7.699999999999982e-01
155

7.749243822835748e-08

4.149578082523402e-02

5.583179488067828e-01
156

7.769966795212202e-08

2.442891370151586e-01

3.303652526657884e-01
157

7.793585094283175e-08

7.149266170676578e-01

7.056396288508061e-02
158

7.800000000000001e-08

8.569117557471360e-01

0.000000000000000e+00
159

7.804723659814196e-08

9.280410462579208e-01

0.000000000000000e+00
160

7.814170979442585e-08

1.030561272337573e+00

0.000000000000000e+00
161

7.833065618699364e-08

1.096626398771181e+00

0.000000000000000e+00
162

7.861520297255121e-08

1.100609079800498e+00

0.000000000000000e+00
163

7.892798008892833e-08

1.099859608891824e+00

0.000000000000000e+00
164

7.951197560696044e-08

1.100068113802808e+00

0.000000000000000e+00
165

8.051197560696044e-08

1.099952583059330e+00

0.000000000000000e+00
166

8.151197560696043e-08

1.100030166697790e+00

0.000000000000000e+00
167

8.251197560696043e-08

1.099978046457828e+00

0.000000000000000e+00
168

8.351197560696043e-08

1.100013027936824e+00

0.000000000000000e+00
169

8.451197560696042e-08

1.099989544204316e+00

0.000000000000000e+00
170

8.551197560696042e-08

1.100005310447469e+00

0.000000000000000e+00
171

8.651197560696041e-08

1.099994727259628e+00

0.000000000000000e+00
172

8.751197560696041e-08

1.100001833181601e+00

0.000000000000000e+00
173

8.800000000000001e-08

1.099997764134231e+00

0.000000000000000e+00
174

8.810000000000000e-08

1.100214297744259e+00

1.099999999999937e-01
175

8.830000000000000e-08

1.099685487777521e+00

3.299999999999957e-01
176

8.870000000000001e-08

9.746043034373970e-01

7.699999999999997e-01
177

8.900000000000000e-08

7.070826370877918e-01

1.099999999999995e+00
178

8.905681847357759e-08

6.418423759056100e-01

1.100000000000000e+00
179

8.917045542073276e-08

5.141081692771692e-01

1.100000000000000e+00
180

8.939772931504309e-08

2.917448010416351e-01

1.100000000000000e+00
181

8.985227710366377e-08

5.210008910371178e-02

1.100000000000000e+00
182

9.015818777059850e-08

1.366458954230007e-02

1.100000000000000e+00
183

9.039589020881654e-08

4.948990293847880e-03

1.100000000000000e+00
184

9.070701883908875e-08

1.173797544910230e-03

1.100000000000000e+00
185

9.114742547966559e-08

7.956063194253476e-05

1.100000000000000e+00
186

9.191698741328745e-08

-1.346427972720899e-05

1.100000000000000e+00
187

9.291698741328744e-08

8.050520164767737e-06

1.100000000000000e+00
188

9.391698741328744e-08

5.319355344607859e-08

1.100000000000000e+00
189

9.491698741328743e-08

2.696412200618207e-06

1.100000000000000e+00
190

9.591698741328743e-08

1.821196931228718e-06

1.100000000000000e+00
191

9.691698741328743e-08

2.110646406581237e-06

1.100000000000000e+00
192

9.791698741328742e-08

2.014707545005935e-06

1.100000000000000e+00
193

9.891698741328742e-08

2.046545269773098e-06

1.100000000000000e+00
194

9.900000000000001e-08

2.044224821108205e-06

1.099999999999994e+00
195

9.910000000000001e-08

-1.443162228665290e-04

9.900000000000002e-01
196

9.930000000000001e-08

9.333762923067174e-04

7.699999999999982e-01
197

9.949243822835748e-08

4.149578082523402e-02

5.583179488067828e-01
198

9.969966795212202e-08

2.442891370151586e-01

3.303652526657884e-01
199

9.993585094283175e-08

7.149266170676578e-01

7.056396288508061e-02
200

1.000000000000000e-07

8.569117557471360e-01

0.000000000000000e+00
