Title:
*negativeedgedffbynandgate
Date:
Thu
Nov
24
14:59:13

2011
Plotname:
Transient
Analysis
Flags:
real
No.
Variables:
4
No.
Points:
260





Variables:

0
time
time

1
v(q)
voltage

2
v(d)
voltage

3
v(clk)
voltage
Values:
0

0.000000000000000e+00

1.458042844267530e-05

0.000000000000000e+00

0.000000000000000e+00
1

5.000000000000001e-12

1.541456829173691e-05

5.000000000000000e-03

5.000000000000000e-03
2

1.000000000000000e-11

1.457050642577981e-05

1.000000000000000e-02

1.000000000000000e-02
3

2.000000000000000e-11

1.410293076764063e-05

2.000000000000000e-02

2.000000000000000e-02
4

4.000000000000000e-11

1.480570418014894e-05

4.000000000000000e-02

4.000000000000000e-02
5

8.000000000000001e-11

1.442893576269034e-05

8.000000000000000e-02

8.000000000000000e-02
6

1.600000000000000e-10

1.470326158477638e-05

1.600000000000000e-01

1.600000000000000e-01
7

3.200000000000000e-10

1.442874421442371e-05

3.200000000000000e-01

3.200000000000000e-01
8

6.400000000000001e-10

5.167498732920763e-04

6.400000000000000e-01

6.400000000000000e-01
9

6.850000000000000e-10

1.208549860684272e-04

6.849999999999999e-01

6.849999999999999e-01
10

7.750000000000000e-10

1.438525965733908e-05

7.749999999999999e-01

7.749999999999999e-01
11

9.284044887198685e-10

5.743369850447613e-05

9.284044887198685e-01

9.284044887198685e-01
12

1.000000000000000e-09

-1.742222444786109e-05

1.000000000000000e+00

1.000000000000000e+00
13

1.015694520930342e-09

3.014128948848176e-05

1.000000000000000e+00

1.000000000000000e+00
14

1.047083562791025e-09

2.234786384710751e-05

1.000000000000000e+00

1.000000000000000e+00
15

1.109861646512391e-09

2.047345151345954e-05

1.000000000000000e+00

1.000000000000000e+00
16

1.235417813955124e-09

2.245326030307061e-05

1.000000000000000e+00

1.000000000000000e+00
17

1.486530148840590e-09

1.616542084490377e-05

1.000000000000000e+00

1.000000000000000e+00
18

1.988754818611521e-09

1.961487387774331e-05

1.000000000000000e+00

1.000000000000000e+00
19

2.988754818611521e-09

1.330798967885109e-05

1.000000000000000e+00

1.000000000000000e+00
20

3.988754818611521e-09

1.822261215111613e-05

1.000000000000000e+00

1.000000000000000e+00
21

4.988754818611520e-09

1.253058014440399e-05

1.000000000000000e+00

1.000000000000000e+00
22

5.988754818611520e-09

1.797836151014173e-05

1.000000000000000e+00

1.000000000000000e+00
23

6.000000000000000e-09

1.091581720539815e-05

1.000000000000000e+00

1.000000000000000e+00
24

6.022490362776959e-09

1.466640782006973e-05

1.000000000000000e+00

9.775096372230409e-01
25

6.067471088330878e-09

1.577910839220036e-05

1.000000000000000e+00

9.325289116691220e-01
26

6.157432539438716e-09

1.460861660148911e-05

1.000000000000000e+00

8.425674605612844e-01
27

6.337355441654391e-09

1.724631946545939e-05

1.000000000000000e+00

6.626445583456091e-01
28

6.697201246085742e-09

1.092967812288039e+00

1.000000000000000e+00

3.027987539142586e-01
29

7.000000000000000e-09

1.105691702105103e+00

1.000000000000000e+00

4.135689186945957e-16
30

7.060549425449649e-09

1.100414750454437e+00

1.000000000000000e+00

0.000000000000000e+00
31

7.181648276348948e-09

1.099687496400293e+00

1.000000000000000e+00

0.000000000000000e+00
32

7.423845978147546e-09

1.100266490459419e+00

1.000000000000000e+00

0.000000000000000e+00
33

7.908241381744741e-09

1.099748240085274e+00

1.000000000000000e+00

0.000000000000000e+00
34

8.877032188939132e-09

1.100239640934754e+00

1.000000000000000e+00

0.000000000000000e+00
35

9.877032188939133e-09

1.099765059911084e+00

1.000000000000000e+00

0.000000000000000e+00
36

1.000000000000000e-08

1.100176584416285e+00

1.000000000000000e+00

0.000000000000000e+00
37

1.010000000000000e-08

1.100012007170921e+00

1.000000000000000e+00

9.999999999999923e-02
38

1.030000000000000e-08

1.099988466235813e+00

1.000000000000000e+00

2.999999999999994e-01
39

1.070000000000000e-08

1.101497047213877e+00

1.000000000000000e+00

6.999999999999996e-01
40

1.100000000000000e-08

1.098559917434893e+00

9.999999999999993e-01

1.000000000000000e+00
41

1.106933969460036e-08

1.099934482727783e+00

9.306603053996446e-01

1.000000000000000e+00
42

1.120801908380107e-08

1.100056400823938e+00

7.919809161989350e-01

1.000000000000000e+00
43

1.148537786220248e-08

1.099941646654085e+00

5.146221377975159e-01

1.000000000000000e+00
44

1.187855507626354e-08

1.100055192261127e+00

1.214449237364620e-01

1.000000000000000e+00
45

1.200000000000000e-08

1.099943466438160e+00

4.135689186945957e-16

1.000000000000000e+00
46

1.204019206785749e-08

1.099995450004857e+00

0.000000000000000e+00

1.000000000000000e+00
47

1.212057620357248e-08

1.100002194367049e+00

0.000000000000000e+00

1.000000000000000e+00
48

1.228134447500246e-08

1.099994541437070e+00

0.000000000000000e+00

1.000000000000000e+00
49

1.260288101786241e-08

1.100002310332785e+00

0.000000000000000e+00

1.000000000000000e+00
50

1.324595410358232e-08

1.099994534888121e+00

0.000000000000000e+00

1.000000000000000e+00
51

1.424595410358232e-08

1.100002302022191e+00

0.000000000000000e+00

1.000000000000000e+00
52

1.524595410358232e-08

1.099994546455449e+00

0.000000000000000e+00

1.000000000000000e+00
53

1.600000000000000e-08

1.100002283669574e+00

0.000000000000000e+00

9.999999999999993e-01
54

1.610000000000000e-08

1.099998450327432e+00

0.000000000000000e+00

8.999999999999985e-01
55

1.630000000000000e-08

1.099998460022870e+00

0.000000000000000e+00

7.000000000000001e-01
56

1.670000000000000e-08

5.248399342089868e-02

0.000000000000000e+00

2.999999999999998e-01
57

1.700000000000000e-08

-4.497654255942836e-02

0.000000000000000e+00

4.135689186945957e-16
58

1.706725119515756e-08

-4.860804420070178e-03

0.000000000000000e+00

0.000000000000000e+00
59

1.720175358547269e-08

3.841931459682356e-03

0.000000000000000e+00

0.000000000000000e+00
60

1.747075836610293e-08

-3.365751157869498e-03

0.000000000000000e+00

0.000000000000000e+00
61

1.800876792736343e-08

3.201111126929610e-03

0.000000000000000e+00

0.000000000000000e+00
62

1.900876792736343e-08

-3.063713506959480e-03

0.000000000000000e+00

0.000000000000000e+00
63

2.000000000000000e-08

2.997907433945574e-03

0.000000000000000e+00

0.000000000000000e+00
64

2.010000000000000e-08

2.433638959478594e-04

1.000000000000009e-01

1.000000000000009e-01
65

2.030000000000000e-08

-1.795953696956354e-04

2.999999999999994e-01

2.999999999999994e-01
66

2.070000000000000e-08

5.562673250887305e-04

6.999999999999996e-01

6.999999999999996e-01
67

2.100000000000000e-08

-3.587134463790733e-04

9.999999999999990e-01

9.999999999999990e-01
68

2.106729580409098e-08

3.583807281888958e-05

1.000000000000000e+00

1.000000000000000e+00
69

2.120188741227296e-08

1.232407747294691e-06

1.000000000000000e+00

1.000000000000000e+00
70

2.147107062863690e-08

2.452923337136731e-05

1.000000000000000e+00

1.000000000000000e+00
71

2.200943706136479e-08

6.072088331141939e-06

1.000000000000000e+00

1.000000000000000e+00
72

2.300943706136479e-08

2.224245179545642e-05

1.000000000000000e+00

1.000000000000000e+00
73

2.400943706136479e-08

7.606952068725388e-06

1.000000000000000e+00

1.000000000000000e+00
74

2.500943706136479e-08

2.076831617855080e-05

1.000000000000000e+00

1.000000000000000e+00
75

2.600000000000000e-08

9.049765595416271e-06

1.000000000000000e+00

9.999999999999993e-01
76

2.610000000000000e-08

1.285289965443843e-05

1.000000000000000e+00

8.999999999999985e-01
77

2.630000000000000e-08

1.666724866343166e-05

1.000000000000000e+00

7.000000000000001e-01
78

2.670000000000000e-08

1.093693876017453e+00

1.000000000000000e+00

2.999999999999998e-01
79

2.700000000000000e-08

1.105151328005996e+00

1.000000000000000e+00

4.135689186945957e-16
80

2.706725744244704e-08

1.100343704052636e+00

1.000000000000000e+00

0.000000000000000e+00
81

2.720177232734112e-08

1.099733657672806e+00

1.000000000000000e+00

0.000000000000000e+00
82

2.747080209712929e-08

1.100230196194108e+00

1.000000000000000e+00

0.000000000000000e+00
83

2.800886163670562e-08

1.099781089543278e+00

1.000000000000000e+00

0.000000000000000e+00
84

2.900886163670562e-08

1.100208460343050e+00

1.000000000000000e+00

0.000000000000000e+00
85

3.000000000000000e-08

1.099795704425533e+00

1.000000000000000e+00

0.000000000000000e+00
86

3.010000000000000e-08

1.099983154524039e+00

1.000000000000000e+00

1.000000000000009e-01
87

3.030000000000001e-08

1.100012209357405e+00

1.000000000000000e+00

3.000000000000027e-01
88

3.070000000000000e-08

1.101453717179703e+00

1.000000000000000e+00

6.999999999999996e-01
89

3.100000000000000e-08

1.098600532269807e+00

1.000000000000000e+00

9.999999999999957e-01
90

3.106962631628441e-08

1.099938163915469e+00

9.303736837155892e-01

1.000000000000000e+00
91

3.120887894885324e-08

1.100053416668719e+00

7.911210511467655e-01

1.000000000000000e+00
92

3.148738421399088e-08

1.099944353094968e+00

5.126157860091247e-01

1.000000000000000e+00
93

3.188228977565912e-08

1.100052664089257e+00

1.177102243408852e-01

1.000000000000000e+00
94

3.200000000000000e-08

1.099945576641914e+00

0.000000000000000e+00

1.000000000000000e+00
95

3.204034763619079e-08

1.099995709471592e+00

0.000000000000000e+00

1.000000000000000e+00
96

3.212104290857235e-08

1.100001996719841e+00

0.000000000000000e+00

1.000000000000000e+00
97

3.228243345333548e-08

1.099994713030858e+00

0.000000000000000e+00

1.000000000000000e+00
98

3.260521454286174e-08

1.100002150551762e+00

0.000000000000000e+00

1.000000000000000e+00
99

3.325077672191425e-08

1.099994689084491e+00

0.000000000000000e+00

1.000000000000000e+00
100

3.425077672191425e-08

1.100002151323411e+00

0.000000000000000e+00

1.000000000000000e+00
101

3.525077672191425e-08

1.099994693771456e+00

0.000000000000000e+00

1.000000000000000e+00
102

3.600000000000000e-08

1.100002140665273e+00

0.000000000000000e+00

9.999999999999993e-01
103

3.610000000000001e-08

1.099998442999023e+00

0.000000000000000e+00

8.999999999999985e-01
104

3.630000000000001e-08

1.099998466379452e+00

0.000000000000000e+00

6.999999999999967e-01
105

3.670000000000000e-08

5.248396584946145e-02

0.000000000000000e+00

2.999999999999998e-01
106

3.700000000000001e-08

-4.497650923490644e-02

0.000000000000000e+00

0.000000000000000e+00
107

3.706725146912693e-08

-4.860783385069024e-03

0.000000000000000e+00

0.000000000000000e+00
108

3.720175440738077e-08

3.841918541567276e-03

0.000000000000000e+00

0.000000000000000e+00
109

3.747076028388847e-08

-3.365741359898543e-03

0.000000000000000e+00

0.000000000000000e+00
110

3.800877203690385e-08

3.201102633494928e-03

0.000000000000000e+00

0.000000000000000e+00
111

3.900877203690385e-08

-3.063705289309441e-03

0.000000000000000e+00

0.000000000000000e+00
112

4.000000000000000e-08

2.997899034629769e-03

0.000000000000000e+00

0.000000000000000e+00
113

4.010000000000000e-08

2.433632907531855e-04

1.000000000000009e-01

1.000000000000009e-01
114

4.030000000000000e-08

-1.795948464963742e-04

3.000000000000027e-01

3.000000000000027e-01
115

4.070000000000000e-08

5.562671691284412e-04

6.999999999999996e-01

6.999999999999996e-01
116

4.100000000000000e-08

-3.587130043564002e-04

1.000000000000000e+00

1.000000000000000e+00
117

4.106729586984890e-08

3.583805496962106e-05

1.000000000000000e+00

1.000000000000000e+00
118

4.120188760954667e-08

1.232433863503786e-06

1.000000000000000e+00

1.000000000000000e+00
119

4.147107108894224e-08

2.452920159276399e-05

1.000000000000000e+00

1.000000000000000e+00
120

4.200943804773337e-08

6.072118819899962e-06

1.000000000000000e+00

1.000000000000000e+00
121

4.300943804773337e-08

2.224241759435806e-05

1.000000000000000e+00

1.000000000000000e+00
122

4.400943804773337e-08

7.606985019654858e-06

1.000000000000000e+00

1.000000000000000e+00
123

4.500943804773337e-08

2.076827982179257e-05

1.000000000000000e+00

1.000000000000000e+00
124

4.600000000000000e-08

9.049801269659859e-06

1.000000000000000e+00

9.999999999999993e-01
125

4.610000000000000e-08

1.285289692869417e-05

1.000000000000000e+00

8.999999999999985e-01
126

4.630000000000000e-08

1.666724811185238e-05

1.000000000000000e+00

6.999999999999967e-01
127

4.670000000000000e-08

1.093693876052831e+00

1.000000000000000e+00

2.999999999999998e-01
128

4.700000000000000e-08

1.105151328016377e+00

1.000000000000000e+00

0.000000000000000e+00
129

4.706725744245869e-08

1.100343704054441e+00

1.000000000000000e+00

0.000000000000000e+00
130

4.720177232737607e-08

1.099733657671292e+00

1.000000000000000e+00

0.000000000000000e+00
131

4.747080209721083e-08

1.100230196194925e+00

1.000000000000000e+00

0.000000000000000e+00
132

4.800886163688035e-08

1.099781089542356e+00

1.000000000000000e+00

0.000000000000000e+00
133

4.900886163688035e-08

1.100208460344146e+00

1.000000000000000e+00

0.000000000000000e+00
134

5.000000000000000e-08

1.099795704424677e+00

1.000000000000000e+00

0.000000000000000e+00
135

5.010000000000000e-08

1.099983154523902e+00

1.000000000000000e+00

1.000000000000009e-01
136

5.030000000000000e-08

1.100012209357440e+00

1.000000000000000e+00

3.000000000000027e-01
137

5.070000000000000e-08

1.101453717180752e+00

1.000000000000000e+00

6.999999999999996e-01
138

5.100000000000000e-08

1.098600532268027e+00

1.000000000000000e+00

1.000000000000000e+00
139

5.106962631628509e-08

1.099938163916879e+00

9.303736837149076e-01

1.000000000000000e+00
140

5.120887894885528e-08

1.100053416667631e+00

7.911210511447208e-01

1.000000000000000e+00
141

5.148738421399565e-08

1.099944353095994e+00

5.126157860043469e-01

1.000000000000000e+00
142

5.188228977566101e-08

1.100052664088020e+00

1.177102243389926e-01

1.000000000000000e+00
143

5.200000000000000e-08

1.099945576642750e+00

0.000000000000000e+00

1.000000000000000e+00
144

5.204034763619072e-08

1.099995709471603e+00

0.000000000000000e+00

1.000000000000000e+00
145

5.212104290857215e-08

1.100001996719810e+00

0.000000000000000e+00

1.000000000000000e+00
146

5.228243345333503e-08

1.099994713030514e+00

0.000000000000000e+00

1.000000000000000e+00
147

5.260521454286078e-08

1.100002150551791e+00

0.000000000000000e+00

1.000000000000000e+00
148

5.325077672191227e-08

1.099994689084514e+00

0.000000000000000e+00

1.000000000000000e+00
149

5.425077672191227e-08

1.100002151323156e+00

0.000000000000000e+00

1.000000000000000e+00
150

5.525077672191228e-08

1.099994693771352e+00

0.000000000000000e+00

1.000000000000000e+00
151

5.600000000000000e-08

1.100002140665328e+00

0.000000000000000e+00

9.999999999999993e-01
152

5.610000000000000e-08

1.099998442998785e+00

0.000000000000000e+00

8.999999999999985e-01
153

5.630000000000000e-08

1.099998466379691e+00

0.000000000000000e+00

6.999999999999967e-01
154

5.670000000000000e-08

5.248396584950769e-02

0.000000000000000e+00

2.999999999999998e-01
155

5.700000000000000e-08

-4.497650923494845e-02

0.000000000000000e+00

0.000000000000000e+00
156

5.706725146912701e-08

-4.860783385068575e-03

0.000000000000000e+00

0.000000000000000e+00
157

5.720175440738103e-08

3.841918541570298e-03

0.000000000000000e+00

0.000000000000000e+00
158

5.747076028388908e-08

-3.365741359903398e-03

0.000000000000000e+00

0.000000000000000e+00
159

5.800877203690517e-08

3.201102633500055e-03

0.000000000000000e+00

0.000000000000000e+00
160

5.900877203690517e-08

-3.063705289313912e-03

0.000000000000000e+00

0.000000000000000e+00
161

5.999999999999999e-08

2.997899034633352e-03

0.000000000000000e+00

0.000000000000000e+00
162

6.009999999999999e-08

2.433632907531038e-04

9.999999999998103e-02

9.999999999998103e-02
163

6.029999999999999e-08

-1.795948464958757e-04

2.999999999999828e-01

2.999999999999828e-01
164

6.069999999999999e-08

5.562671691264927e-04

6.999999999999864e-01

6.999999999999864e-01
165

6.100000000000000e-08

-3.587130043568904e-04

9.999999999999957e-01

9.999999999999957e-01
166

6.106729586984896e-08

3.583805497912433e-05

1.000000000000000e+00

1.000000000000000e+00
167

6.120188760954686e-08

1.232433857957056e-06

1.000000000000000e+00

1.000000000000000e+00
168

6.147107108894266e-08

2.452920160771424e-05

1.000000000000000e+00

1.000000000000000e+00
169

6.200943804773426e-08

6.072118800474241e-06

1.000000000000000e+00

1.000000000000000e+00
170

6.300943804773426e-08

2.224241760679202e-05

1.000000000000000e+00

1.000000000000000e+00
171

6.400943804773425e-08

7.606985013965655e-06

1.000000000000000e+00

1.000000000000000e+00
172

6.500943804773425e-08

2.076827982804856e-05

1.000000000000000e+00

1.000000000000000e+00
173

6.600000000000001e-08

9.049801260183362e-06

1.000000000000000e+00

9.999999999999993e-01
174

6.610000000000000e-08

1.285289694759354e-05

1.000000000000000e+00

9.000000000000051e-01
175

6.630000000000000e-08

1.666724807427974e-05

1.000000000000000e+00

7.000000000000033e-01
176

6.670000000000001e-08

1.093693876052729e+00

1.000000000000000e+00

2.999999999999998e-01
177

6.700000000000000e-08

1.105151328016426e+00

1.000000000000000e+00

3.722337108685858e-15
178

6.706725744245886e-08

1.100343704054541e+00

1.000000000000000e+00

0.000000000000000e+00
179

6.720177232737659e-08

1.099733657671408e+00

1.000000000000000e+00

0.000000000000000e+00
180

6.747080209721206e-08

1.100230196194949e+00

1.000000000000000e+00

0.000000000000000e+00
181

6.800886163688298e-08

1.099781089542563e+00

1.000000000000000e+00

0.000000000000000e+00
182

6.900886163688298e-08

1.100208460344099e+00

1.000000000000000e+00

0.000000000000000e+00
183

7.000000000000000e-08

1.099795704424522e+00

1.000000000000000e+00

0.000000000000000e+00
184

7.010000000000000e-08

1.099983154524029e+00

1.000000000000000e+00

9.999999999999427e-02
185

7.030000000000000e-08

1.100012209357505e+00

1.000000000000000e+00

2.999999999999960e-01
186

7.070000000000000e-08

1.101453717180790e+00

1.000000000000000e+00

6.999999999999996e-01
187

7.100000000000000e-08

1.098600532268135e+00

1.000000000000000e+00

9.999999999999957e-01
188

7.106962631628514e-08

1.099938163916765e+00

9.303736837148678e-01

1.000000000000000e+00
189

7.120887894885542e-08

1.100053416667526e+00

7.911210511445883e-01

1.000000000000000e+00
190

7.148738421399599e-08

1.099944353096028e+00

5.126157860040160e-01

1.000000000000000e+00
191

7.188228977566164e-08

1.100052664088021e+00

1.177102243383639e-01

1.000000000000000e+00
192

7.200000000000001e-08

1.099945576642708e+00

0.000000000000000e+00

1.000000000000000e+00
193

7.204034763619075e-08

1.099995709471637e+00

0.000000000000000e+00

1.000000000000000e+00
194

7.212104290857225e-08

1.100001996719606e+00

0.000000000000000e+00

1.000000000000000e+00
195

7.228243345333526e-08

1.099994713030763e+00

0.000000000000000e+00

1.000000000000000e+00
196

7.260521454286126e-08

1.100002150551916e+00

0.000000000000000e+00

1.000000000000000e+00
197

7.325077672191327e-08

1.099994689084654e+00

0.000000000000000e+00

1.000000000000000e+00
198

7.425077672191327e-08

1.100002151322859e+00

0.000000000000000e+00

1.000000000000000e+00
199

7.525077672191326e-08

1.099994693771511e+00

0.000000000000000e+00

1.000000000000000e+00
200

7.600000000000001e-08

1.100002140665361e+00

0.000000000000000e+00

9.999999999999993e-01
201

7.610000000000000e-08

1.099998442998864e+00

0.000000000000000e+00

9.000000000000051e-01
202

7.630000000000000e-08

1.099998466379802e+00

0.000000000000000e+00

7.000000000000033e-01
203

7.670000000000001e-08

5.248396584950405e-02

0.000000000000000e+00

2.999999999999998e-01
204

7.700000000000000e-08

-4.497650923494188e-02

0.000000000000000e+00

3.722337108685858e-15
205

7.706725146912701e-08

-4.860783385071207e-03

0.000000000000000e+00

0.000000000000000e+00
206

7.720175440738103e-08

3.841918541567661e-03

0.000000000000000e+00

0.000000000000000e+00
207

7.747076028388904e-08

-3.365741359897350e-03

0.000000000000000e+00

0.000000000000000e+00
208

7.800877203690508e-08

3.201102633494025e-03

0.000000000000000e+00

0.000000000000000e+00
209

7.900877203690508e-08

-3.063705289309120e-03

0.000000000000000e+00

0.000000000000000e+00
210

8.000000000000000e-08

2.997899034628942e-03

0.000000000000000e+00

0.000000000000000e+00
211

8.010000000000000e-08

2.433632907584641e-04

9.999999999999427e-02

9.999999999999427e-02
212

8.030000000000000e-08

-1.795948465074683e-04

2.999999999999960e-01

2.999999999999960e-01
213

8.070000000000000e-08

5.562671691341011e-04

6.999999999999996e-01

6.999999999999996e-01
214

8.100000000000000e-08

-3.587130043617674e-04

9.999999999999957e-01

9.999999999999957e-01
215

8.106729586984883e-08

3.583805498554919e-05

1.000000000000000e+00

1.000000000000000e+00
216

8.120188760954650e-08

1.232433853805095e-06

1.000000000000000e+00

1.000000000000000e+00
217

8.147107108894184e-08

2.452920159720851e-05

1.000000000000000e+00

1.000000000000000e+00
218

8.200943804773252e-08

6.072118819326293e-06

1.000000000000000e+00

1.000000000000000e+00
219

8.300943804773252e-08

2.224241758891189e-05

1.000000000000000e+00

1.000000000000000e+00
220

8.400943804773251e-08

7.606985031834578e-06

1.000000000000000e+00

1.000000000000000e+00
221

8.500943804773251e-08

2.076827980846067e-05

1.000000000000000e+00

1.000000000000000e+00
222

8.600000000000000e-08

9.049801281276256e-06

1.000000000000000e+00

9.999999999999993e-01
223

8.610000000000000e-08

1.285289695341251e-05

1.000000000000000e+00

9.000000000000051e-01
224

8.630000000000000e-08

1.666724806122348e-05

1.000000000000000e+00

7.000000000000033e-01
225

8.670000000000000e-08

1.093693876052788e+00

1.000000000000000e+00

2.999999999999998e-01
226

8.700000000000000e-08

1.105151328016455e+00

1.000000000000000e+00

3.722337108685858e-15
227

8.706725744245887e-08

1.100343704054383e+00

1.000000000000000e+00

0.000000000000000e+00
228

8.720177232737660e-08

1.099733657671351e+00

1.000000000000000e+00

0.000000000000000e+00
229

8.747080209721208e-08

1.100230196194984e+00

1.000000000000000e+00

0.000000000000000e+00
230

8.800886163688303e-08

1.099781089542244e+00

1.000000000000000e+00

0.000000000000000e+00
231

8.900886163688303e-08

1.100208460344151e+00

1.000000000000000e+00

0.000000000000000e+00
232

9.000000000000000e-08

1.099795704424710e+00

1.000000000000000e+00

0.000000000000000e+00
233

9.009999999999999e-08

1.099983154523864e+00

1.000000000000000e+00

9.999999999999427e-02
234

9.029999999999999e-08

1.100012209357498e+00

1.000000000000000e+00

2.999999999999960e-01
235

9.070000000000000e-08

1.101453717180648e+00

1.000000000000000e+00

6.999999999999996e-01
236

9.099999999999999e-08

1.098600532268189e+00

1.000000000000000e+00

9.999999999999957e-01
237

9.106962631628508e-08

1.099938163917028e+00

9.303736837149208e-01

1.000000000000000e+00
238

9.120887894885525e-08

1.100053416667594e+00

7.911210511447472e-01

1.000000000000000e+00
239

9.148738421399560e-08

1.099944353096116e+00

5.126157860043998e-01

1.000000000000000e+00
240

9.188228977566100e-08

1.100052664088075e+00

1.177102243389992e-01

1.000000000000000e+00
241

9.200000000000000e-08

1.099945576642331e+00

0.000000000000000e+00

1.000000000000000e+00
242

9.204034763619072e-08

1.099995709471643e+00

0.000000000000000e+00

1.000000000000000e+00
243

9.212104290857216e-08

1.100001996719637e+00

0.000000000000000e+00

1.000000000000000e+00
244

9.228243345333501e-08

1.099994713030988e+00

0.000000000000000e+00

1.000000000000000e+00
245

9.260521454286073e-08

1.100002150552029e+00

0.000000000000000e+00

1.000000000000000e+00
246

9.325077672191215e-08

1.099994689084661e+00

0.000000000000000e+00

1.000000000000000e+00
247

9.425077672191215e-08

1.100002151323178e+00

0.000000000000000e+00

1.000000000000000e+00
248

9.525077672191214e-08

1.099994693771298e+00

0.000000000000000e+00

1.000000000000000e+00
249

9.600000000000000e-08

1.100002140665268e+00

0.000000000000000e+00

9.999999999999993e-01
250

9.609999999999999e-08

1.099998442998804e+00

0.000000000000000e+00

9.000000000000051e-01
251

9.630000000000000e-08

1.099998466379783e+00

0.000000000000000e+00

7.000000000000033e-01
252

9.670000000000000e-08

5.248396584950112e-02

0.000000000000000e+00

2.999999999999998e-01
253

9.700000000000000e-08

-4.497650923495426e-02

0.000000000000000e+00

3.722337108685858e-15
254

9.706725146912700e-08

-4.860783385067715e-03

0.000000000000000e+00

0.000000000000000e+00
255

9.720175440738102e-08

3.841918541578166e-03

0.000000000000000e+00

0.000000000000000e+00
256

9.747076028388905e-08

-3.365741359913783e-03

0.000000000000000e+00

0.000000000000000e+00
257

9.800877203690510e-08

3.201102633510705e-03

0.000000000000000e+00

0.000000000000000e+00
258

9.900877203690510e-08

-3.063705289325488e-03

0.000000000000000e+00

0.000000000000000e+00
259

1.000000000000000e-07

2.997899034644854e-03

0.000000000000000e+00

0.000000000000000e+00
