Title:
*gate
sizing
Date:
Fri
Feb
10
17:41:31

2012
Plotname:
Transient
Analysis
Flags:
real
No.
Variables:
3
No.
Points:
336





Variables:

0
time
time

1
v(out)
voltage

2
v(in)
voltage
Values:
0

0.000000000000000e+00

1.099997340274446e+00

0.000000000000000e+00
1

5.000000000000001e-12

1.099997340311867e+00

5.500000000000001e-03
2

1.000000000000000e-11

1.099997340233327e+00

1.100000000000000e-02
3

2.000000000000000e-11

1.099997340293663e+00

2.200000000000000e-02
4

4.000000000000000e-11

1.099997340277632e+00

4.400000000000000e-02
5

8.000000000000001e-11

1.099997340262587e+00

8.800000000000001e-02
6

1.600000000000000e-10

1.099997340289899e+00

1.760000000000000e-01
7

3.200000000000000e-10

1.099997340256779e+00

3.520000000000000e-01
8

6.400000000000001e-10

9.098845804082329e-01

7.040000000000001e-01
9

1.000000000000000e-09

4.942560128972256e-01

1.100000000000000e+00
10

1.036144686310785e-09

4.556078134733567e-01

1.100000000000000e+00
11

1.108434058932354e-09

3.809397773477772e-01

1.100000000000000e+00
12

1.253012804175492e-09

2.525659262168412e-01

1.100000000000000e+00
13

1.542170294661769e-09

9.155699359829428e-02

1.100000000000000e+00
14

1.845578413581097e-09

2.563767655968267e-02

1.100000000000000e+00
15

2.113947224346158e-09

7.985822629699530e-03

1.100000000000000e+00
16

2.409695166569330e-09

2.083348510772836e-03

1.100000000000000e+00
17

2.775910494598183e-09

3.254438857764974e-04

1.100000000000000e+00
18

3.380803843995276e-09

-2.942299210457730e-05

1.100000000000000e+00
19

4.354416384783171e-09

9.685526655571260e-06

1.100000000000000e+00
20

5.354416384783171e-09

-2.227044374955106e-06

1.100000000000000e+00
21

6.000000000000000e-09

3.414022475910240e-07

1.100000000000000e+00
22

6.100000000000000e-09

7.516921049709400e-07

9.900000000000002e-01
23

6.300000000000000e-09

6.083609217997217e-07

7.700000000000001e-01
24

6.350000000000000e-09

5.762261387843437e-07

7.150000000000005e-01
25

6.450000000000000e-09

5.404171541056331e-07

6.050000000000004e-01
26

6.555176056355485e-09

5.102151194406534e-07

4.893063380089671e-01
27

6.677912793247327e-09

4.702336068281440e-02

3.542959274279401e-01
28

6.793457107962055e-09

1.395128273346864e-01

2.271971812417395e-01
29

6.964749600872915e-09

2.722176851191903e-01

3.877543903979392e-02
30

7.000000000000000e-09

2.986719873017007e-01

4.549312315749177e-16
31

7.017232172664848e-09

3.115864808970464e-01

0.000000000000000e+00
32

7.051696517994547e-09

3.372223348446337e-01

0.000000000000000e+00
33

7.120625208653942e-09

3.877501822753813e-01

0.000000000000000e+00
34

7.258482589972733e-09

4.857601880093604e-01

0.000000000000000e+00
35

7.534197352610316e-09

6.655618955889973e-01

0.000000000000000e+00
36

8.085626877885482e-09

9.230589215161056e-01

0.000000000000000e+00
37

9.085626877885483e-09

1.092827503486798e+00

0.000000000000000e+00
38

1.000000000000000e-08

1.099921002207237e+00

0.000000000000000e+00
39

1.010000000000000e-08

1.099933890368040e+00

1.099999999999992e-01
40

1.030000000000000e-08

1.099956340782376e+00

3.299999999999993e-01
41

1.070000000000000e-08

8.632436596807941e-01

7.699999999999997e-01
42

1.100000000000000e-08

5.166258848933565e-01

1.100000000000000e+00
43

1.104048668942583e-08

4.728850068909978e-01

1.100000000000000e+00
44

1.112146006827750e-08

3.884288154578532e-01

1.100000000000000e+00
45

1.128340682598083e-08

2.452281042846398e-01

1.100000000000000e+00
46

1.160730034138750e-08

7.603021398760552e-02

1.100000000000000e+00
47

1.188893075740422e-08

2.342048988277499e-02

1.100000000000000e+00
48

1.214801002705918e-08

7.647507303995241e-03

1.100000000000000e+00
49

1.244337850918578e-08

1.998449571853525e-03

1.100000000000000e+00
50

1.283183039864447e-08

2.546476765459600e-04

1.100000000000000e+00
51

1.344684358546666e-08

-2.504088786191433e-05

1.100000000000000e+00
52

1.444684358546666e-08

8.685913396510471e-06

1.100000000000000e+00
53

1.544684358546666e-08

-1.990092653247579e-06

1.100000000000000e+00
54

1.600000000000000e-08

2.154603321445841e-07

1.099999999999999e+00
55

1.610000000000000e-08

5.636095245524929e-07

9.899999999999984e-01
56

1.630000000000000e-08

5.234445084077054e-07

7.700000000000001e-01
57

1.635000000000000e-08

5.075542464247830e-07

7.149999999999996e-01
58

1.645000000000000e-08

4.947582527772897e-07

6.049999999999986e-01
59

1.655517605655157e-08

4.802457192398201e-07

4.893063377932692e-01
60

1.667791278397231e-08

4.702333057569855e-02

3.542959376304583e-01
61

1.679345710380507e-08

1.395128015565522e-01

2.271971858144280e-01
62

1.696474959323164e-08

2.722176578278381e-01

3.877544744519947e-02
63

1.700000000000000e-08

2.986719657029008e-01

4.549312315749177e-16
64

1.701723217226337e-08

3.115864591850191e-01

0.000000000000000e+00
65

1.705169651679012e-08

3.372223127510463e-01

0.000000000000000e+00
66

1.712062520584361e-08

3.877501594250968e-01

0.000000000000000e+00
67

1.725848258395060e-08

4.857601639123908e-01

0.000000000000000e+00
68

1.753419734016457e-08

6.655618707368061e-01

0.000000000000000e+00
69

1.808562685259251e-08

9.230589033684912e-01

0.000000000000000e+00
70

1.908562685259251e-08

1.092827501245422e+00

0.000000000000000e+00
71

2.000000000000000e-08

1.099921002280931e+00

0.000000000000000e+00
72

2.010000000000000e-08

1.099933890427269e+00

1.100000000000010e-01
73

2.030000000000000e-08

1.099956340820591e+00

3.299999999999993e-01
74

2.070000000000000e-08

8.632436596852617e-01

7.699999999999997e-01
75

2.100000000000000e-08

5.166258848939258e-01

1.099999999999999e+00
76

2.104048668942454e-08

4.728850068933659e-01

1.100000000000000e+00
77

2.112146006827361e-08

3.884288154631476e-01

1.100000000000000e+00
78

2.128340682597175e-08

2.452281042926303e-01

1.100000000000000e+00
79

2.160730034136804e-08

7.603021399421429e-02

1.100000000000000e+00
80

2.188893075739954e-08

2.342048988323852e-02

1.100000000000000e+00
81

2.214801002705693e-08

7.647507304053382e-03

1.100000000000000e+00
82

2.244337850918432e-08

1.998449571859210e-03

1.100000000000000e+00
83

2.283183039863204e-08

2.546476765770950e-04

1.100000000000000e+00
84

2.344684358545635e-08

-2.504088786522839e-05

1.100000000000000e+00
85

2.444684358545635e-08

8.685913398417922e-06

1.100000000000000e+00
86

2.544684358545635e-08

-1.990092654650169e-06

1.100000000000000e+00
87

2.600000000000000e-08

2.154603329529238e-07

1.099999999999999e+00
88

2.610000000000000e-08

5.636095235655236e-07

9.899999999999984e-01
89

2.630000000000000e-08

5.234445052986652e-07

7.700000000000001e-01
90

2.635000000000000e-08

5.075542457879985e-07

7.149999999999996e-01
91

2.645000000000000e-08

4.947582553362172e-07

6.049999999999986e-01
92

2.655517605655157e-08

4.802457180486754e-07

4.893063377932692e-01
93

2.667791278397229e-08

4.702333057569982e-02

3.542959376304838e-01
94

2.679345710380501e-08

1.395128015565349e-01

2.271971858144862e-01
95

2.696474959323156e-08

2.722176578278009e-01

3.877544744528683e-02
96

2.700000000000000e-08

2.986719657029241e-01

4.549312315749177e-16
97

2.701723217226337e-08

3.115864591850403e-01

0.000000000000000e+00
98

2.705169651679011e-08

3.372223127510628e-01

0.000000000000000e+00
99

2.712062520584359e-08

3.877501594251043e-01

0.000000000000000e+00
100

2.725848258395056e-08

4.857601639123835e-01

0.000000000000000e+00
101

2.753419734016448e-08

6.655618707367726e-01

0.000000000000000e+00
102

2.808562685259233e-08

9.230589033684403e-01

0.000000000000000e+00
103

2.908562685259233e-08

1.092827501245418e+00

0.000000000000000e+00
104

3.000000000000000e-08

1.099921002280932e+00

0.000000000000000e+00
105

3.010000000000000e-08

1.099933890427270e+00

1.100000000000010e-01
106

3.030000000000001e-08

1.099956340820592e+00

3.300000000000030e-01
107

3.070000000000000e-08

8.632436596853976e-01

7.699999999999997e-01
108

3.100000000000001e-08

5.166258848941888e-01

1.100000000000000e+00
109

3.104048668942456e-08

4.728850068936156e-01

1.100000000000000e+00
110

3.112146006827365e-08

3.884288154632947e-01

1.100000000000000e+00
111

3.128340682597184e-08

2.452281042925846e-01

1.100000000000000e+00
112

3.160730034136823e-08

7.603021399414416e-02

1.100000000000000e+00
113

3.188893075739891e-08

2.342048988329407e-02

1.100000000000000e+00
114

3.214801002705647e-08

7.647507304062179e-03

1.100000000000000e+00
115

3.244337850918358e-08

1.998449571857833e-03

1.100000000000000e+00
116

3.283183039863126e-08

2.546476765801040e-04

1.100000000000000e+00
117

3.344684358545511e-08

-2.504088786703408e-05

1.100000000000000e+00
118

3.444684358545511e-08

8.685913398401052e-06

1.100000000000000e+00
119

3.544684358545512e-08

-1.990092654345586e-06

1.100000000000000e+00
120

3.600000000000000e-08

2.154603327951069e-07

1.099999999999999e+00
121

3.610000000000001e-08

5.636095223020568e-07

9.899999999999984e-01
122

3.630000000000001e-08

5.234445073076549e-07

7.699999999999965e-01
123

3.635000000000000e-08

5.075542447901024e-07

7.149999999999996e-01
124

3.645000000000001e-08

4.947582552846848e-07

6.049999999999986e-01
125

3.655517605655159e-08

4.802457166732994e-07

4.893063377932510e-01
126

3.667791278397233e-08

4.702333057572516e-02

3.542959376304438e-01
127

3.679345710380503e-08

1.395128015565444e-01

2.271971858144680e-01
128

3.696474959323160e-08

2.722176578278307e-01

3.877544744523951e-02
129

3.700000000000001e-08

2.986719657029244e-01

0.000000000000000e+00
130

3.701723217226338e-08

3.115864591850432e-01

0.000000000000000e+00
131

3.705169651679013e-08

3.372223127510693e-01

0.000000000000000e+00
132

3.712062520584362e-08

3.877501594251190e-01

0.000000000000000e+00
133

3.725848258395061e-08

4.857601639124122e-01

0.000000000000000e+00
134

3.753419734016457e-08

6.655618707368199e-01

0.000000000000000e+00
135

3.808562685259251e-08

9.230589033685073e-01

0.000000000000000e+00
136

3.908562685259251e-08

1.092827501245417e+00

0.000000000000000e+00
137

4.000000000000000e-08

1.099921002280932e+00

0.000000000000000e+00
138

4.010000000000000e-08

1.099933890427269e+00

1.100000000000010e-01
139

4.030000000000000e-08

1.099956340820591e+00

3.300000000000030e-01
140

4.070000000000000e-08

8.632436596862059e-01

7.699999999999997e-01
141

4.100000000000000e-08

5.166258848955353e-01

1.100000000000000e+00
142

4.104048668942462e-08

4.728850068948601e-01

1.100000000000000e+00
143

4.112146006827386e-08

3.884288154643699e-01

1.100000000000000e+00
144

4.128340682597232e-08

2.452281042934109e-01

1.100000000000000e+00
145

4.160730034136926e-08

7.603021399446176e-02

1.100000000000000e+00
146

4.188893075740168e-08

2.342048988317208e-02

1.100000000000000e+00
147

4.214801002706023e-08

7.647507303979622e-03

1.100000000000000e+00
148

4.244337850918822e-08

1.998449571826640e-03

1.100000000000000e+00
149

4.283183039863513e-08

2.546476765764063e-04

1.100000000000000e+00
150

4.344684358546160e-08

-2.504088786612166e-05

1.100000000000000e+00
151

4.444684358546160e-08

8.685913397970539e-06

1.100000000000000e+00
152

4.544684358546161e-08

-1.990092655010769e-06

1.100000000000000e+00
153

4.600000000000000e-08

2.154603342697669e-07

1.099999999999999e+00
154

4.610000000000000e-08

5.636095239546004e-07

9.899999999999984e-01
155

4.630000000000000e-08

5.234445085467743e-07

7.699999999999965e-01
156

4.635000000000000e-08

5.075542466232159e-07

7.149999999999996e-01
157

4.645000000000000e-08

4.947582533644757e-07

6.049999999999986e-01
158

4.655517605655158e-08

4.802457167061735e-07

4.893063377932655e-01
159

4.667791278397231e-08

4.702333057570830e-02

3.542959376304656e-01
160

4.679345710380503e-08

1.395128015565419e-01

2.271971858144680e-01
161

4.696474959323159e-08

2.722176578278279e-01

3.877544744524679e-02
162

4.700000000000000e-08

2.986719657029280e-01

0.000000000000000e+00
163

4.701723217226338e-08

3.115864591850460e-01

0.000000000000000e+00
164

4.705169651679013e-08

3.372223127510712e-01

0.000000000000000e+00
165

4.712062520584362e-08

3.877501594251215e-01

0.000000000000000e+00
166

4.725848258395060e-08

4.857601639124143e-01

0.000000000000000e+00
167

4.753419734016457e-08

6.655618707368194e-01

0.000000000000000e+00
168

4.808562685259250e-08

9.230589033685039e-01

0.000000000000000e+00
169

4.908562685259250e-08

1.092827501245418e+00

0.000000000000000e+00
170

5.000000000000000e-08

1.099921002280932e+00

0.000000000000000e+00
171

5.010000000000000e-08

1.099933890427269e+00

1.100000000000010e-01
172

5.030000000000000e-08

1.099956340820591e+00

3.300000000000030e-01
173

5.070000000000000e-08

8.632436596862265e-01

7.699999999999997e-01
174

5.100000000000000e-08

5.166258848957628e-01

1.100000000000000e+00
175

5.104048668942462e-08

4.728850068950980e-01

1.100000000000000e+00
176

5.112146006827386e-08

3.884288154645416e-01

1.100000000000000e+00
177

5.128340682597233e-08

2.452281042934131e-01

1.100000000000000e+00
178

5.160730034136928e-08

7.603021399448218e-02

1.100000000000000e+00
179

5.188893075740066e-08

2.342048988334453e-02

1.100000000000000e+00
180

5.214801002705921e-08

7.647507304041992e-03

1.100000000000000e+00
181

5.244337850918675e-08

1.998449571854698e-03

1.100000000000000e+00
182

5.283183039863437e-08

2.546476765788761e-04

1.100000000000000e+00
183

5.344684358545781e-08

-2.504088786689374e-05

1.100000000000000e+00
184

5.444684358545781e-08

8.685913398252300e-06

1.100000000000000e+00
185

5.544684358545782e-08

-1.990092653633332e-06

1.100000000000000e+00
186

5.600000000000000e-08

2.154603313243982e-07

1.099999999999999e+00
187

5.610000000000000e-08

5.636095239967219e-07

9.899999999999984e-01
188

5.630000000000000e-08

5.234445075586225e-07

7.699999999999965e-01
189

5.635000000000000e-08

5.075542449242713e-07

7.149999999999996e-01
190

5.645000000000000e-08

4.947582557699601e-07

6.049999999999986e-01
191

5.655517605655159e-08

4.802457186826513e-07

4.893063377932510e-01
192

5.667791278397233e-08

4.702333057571461e-02

3.542959376304365e-01
193

5.679345710380505e-08

1.395128015565447e-01

2.271971858144389e-01
194

5.696474959323164e-08

2.722176578278390e-01

3.877544744519583e-02
195

5.700000000000000e-08

2.986719657029028e-01

0.000000000000000e+00
196

5.701723217226337e-08

3.115864591850215e-01

0.000000000000000e+00
197

5.705169651679012e-08

3.372223127510493e-01

0.000000000000000e+00
198

5.712062520584362e-08

3.877501594251035e-01

0.000000000000000e+00
199

5.725848258395061e-08

4.857601639124039e-01

0.000000000000000e+00
200

5.753419734016460e-08

6.655618707368248e-01

0.000000000000000e+00
201

5.808562685259258e-08

9.230589033685165e-01

0.000000000000000e+00
202

5.908562685259258e-08

1.092827501245422e+00

0.000000000000000e+00
203

5.999999999999999e-08

1.099921002280932e+00

0.000000000000000e+00
204

6.009999999999999e-08

1.099933890427269e+00

1.099999999999792e-01
205

6.029999999999999e-08

1.099956340820591e+00

3.299999999999811e-01
206

6.069999999999999e-08

8.632436596853277e-01

7.699999999999850e-01
207

6.100000000000000e-08

5.166258848942165e-01

1.099999999999995e+00
208

6.104048668942455e-08

4.728850068937832e-01

1.100000000000000e+00
209

6.112146006827363e-08

3.884288154636542e-01

1.100000000000000e+00
210

6.128340682597180e-08

2.452281042931235e-01

1.100000000000000e+00
211

6.160730034136814e-08

7.603021399460314e-02

1.100000000000000e+00
212

6.188893075740051e-08

2.342048988324421e-02

1.100000000000000e+00
213

6.214801002705943e-08

7.647507303988917e-03

1.100000000000000e+00
214

6.244337850918742e-08

1.998449571833958e-03

1.100000000000000e+00
215

6.283183039863455e-08

2.546476765771165e-04

1.100000000000000e+00
216

6.344684358545967e-08

-2.504088786714422e-05

1.100000000000000e+00
217

6.444684358545966e-08

8.685913398261268e-06

1.100000000000000e+00
218

6.544684358545966e-08

-1.990092653666075e-06

1.100000000000000e+00
219

6.600000000000001e-08

2.154603315266859e-07

1.099999999999999e+00
220

6.610000000000000e-08

5.636095224204248e-07

9.900000000000057e-01
221

6.630000000000000e-08

5.234445055968925e-07

7.700000000000037e-01
222

6.635000000000001e-08

5.075542461230139e-07

7.149999999999996e-01
223

6.645000000000000e-08

4.947582561358216e-07

6.050000000000059e-01
224

6.655517605655158e-08

4.802457184033908e-07

4.893063377932728e-01
225

6.667791278397229e-08

4.702333057570574e-02

3.542959376304874e-01
226

6.679345710380501e-08

1.395128015565313e-01

2.271971858144971e-01
227

6.696474959323156e-08

2.722176578277971e-01

3.877544744529046e-02
228

6.700000000000000e-08

2.986719657029204e-01

4.094489504391507e-15
229

6.701723217226337e-08

3.115864591850364e-01

0.000000000000000e+00
230

6.705169651679012e-08

3.372223127510593e-01

0.000000000000000e+00
231

6.712062520584360e-08

3.877501594251035e-01

0.000000000000000e+00
232

6.725848258395057e-08

4.857601639123850e-01

0.000000000000000e+00
233

6.753419734016450e-08

6.655618707367768e-01

0.000000000000000e+00
234

6.808562685259237e-08

9.230589033684516e-01

0.000000000000000e+00
235

6.908562685259236e-08

1.092827501245416e+00

0.000000000000000e+00
236

7.000000000000000e-08

1.099921002280932e+00

0.000000000000000e+00
237

7.010000000000000e-08

1.099933890427270e+00

1.099999999999937e-01
238

7.030000000000000e-08

1.099956340820591e+00

3.299999999999957e-01
239

7.070000000000000e-08

8.632436596857281e-01

7.699999999999997e-01
240

7.100000000000000e-08

5.166258848946896e-01

1.099999999999995e+00
241

7.104048668942458e-08

4.728850068940694e-01

1.100000000000000e+00
242

7.112146006827373e-08

3.884288154637525e-01

1.100000000000000e+00
243

7.128340682597204e-08

2.452281042931876e-01

1.100000000000000e+00
244

7.160730034136864e-08

7.603021399456347e-02

1.100000000000000e+00
245

7.188893075740143e-08

2.342048988317829e-02

1.100000000000000e+00
246

7.214801002706032e-08

7.647507303973798e-03

1.100000000000000e+00
247

7.244337850918861e-08

1.998449571824442e-03

1.100000000000000e+00
248

7.283183039863555e-08

2.546476765753679e-04

1.100000000000000e+00
249

7.344684358546241e-08

-2.504088786583327e-05

1.100000000000000e+00
250

7.444684358546240e-08

8.685913398221147e-06

1.100000000000000e+00
251

7.544684358546240e-08

-1.990092654100243e-06

1.100000000000000e+00
252

7.600000000000001e-08

2.154603331991815e-07

1.099999999999999e+00
253

7.610000000000000e-08

5.636095223135825e-07

9.900000000000057e-01
254

7.630000000000000e-08

5.234445067511417e-07

7.700000000000037e-01
255

7.635000000000001e-08

5.075542441777513e-07

7.149999999999996e-01
256

7.645000000000000e-08

4.947582533072291e-07

6.050000000000059e-01
257

7.655517605655159e-08

4.802457175060954e-07

4.893063377932583e-01
258

7.667791278397233e-08

4.702333057571467e-02

3.542959376304438e-01
259

7.679345710380506e-08

1.395128015565473e-01

2.271971858144389e-01
260

7.696474959323165e-08

2.722176578278458e-01

3.877544744518855e-02
261

7.700000000000000e-08

2.986719657029014e-01

4.094489504391507e-15
262

7.701723217226338e-08

3.115864591850206e-01

0.000000000000000e+00
263

7.705169651679013e-08

3.372223127510489e-01

0.000000000000000e+00
264

7.712062520584363e-08

3.877501594251044e-01

0.000000000000000e+00
265

7.725848258395062e-08

4.857601639124079e-01

0.000000000000000e+00
266

7.753419734016462e-08

6.655618707368316e-01

0.000000000000000e+00
267

7.808562685259260e-08

9.230589033685263e-01

0.000000000000000e+00
268

7.908562685259260e-08

1.092827501245422e+00

0.000000000000000e+00
269

8.000000000000000e-08

1.099921002280931e+00

0.000000000000000e+00
270

8.010000000000000e-08

1.099933890427269e+00

1.099999999999937e-01
271

8.030000000000000e-08

1.099956340820591e+00

3.299999999999957e-01
272

8.070000000000000e-08

8.632436596856262e-01

7.699999999999997e-01
273

8.100000000000000e-08

5.166258848946582e-01

1.099999999999995e+00
274

8.104048668942457e-08

4.728850068940627e-01

1.100000000000000e+00
275

8.112146006827370e-08

3.884288154637924e-01

1.100000000000000e+00
276

8.128340682597198e-08

2.452281042931163e-01

1.100000000000000e+00
277

8.160730034136852e-08

7.603021399431702e-02

1.100000000000000e+00
278

8.188893075740123e-08

2.342048988310307e-02

1.100000000000000e+00
279

8.214801002705861e-08

7.647507304005779e-03

1.100000000000000e+00
280

8.244337850918638e-08

1.998449571841654e-03

1.100000000000000e+00
281

8.283183039863347e-08

2.546476765784390e-04

1.100000000000000e+00
282

8.344684358545999e-08

-2.504088786683806e-05

1.100000000000000e+00
283

8.444684358545999e-08

8.685913399129704e-06

1.100000000000000e+00
284

8.544684358545999e-08

-1.990092655507008e-06

1.100000000000000e+00
285

8.600000000000000e-08

2.154603324862756e-07

1.099999999999999e+00
286

8.610000000000000e-08

5.636095243990946e-07

9.900000000000057e-01
287

8.630000000000000e-08

5.234445071382044e-07

7.700000000000037e-01
288

8.635000000000000e-08

5.075542479046406e-07

7.149999999999996e-01
289

8.645000000000000e-08

4.947582551387017e-07

6.050000000000059e-01
290

8.655517605655156e-08

4.802457178402391e-07

4.893063377932874e-01
291

8.667791278397226e-08

4.702333057568900e-02

3.542959376305165e-01
292

8.679345710380499e-08

1.395128015565296e-01

2.271971858145117e-01
293

8.696474959323153e-08

2.722176578277943e-01

3.877544744531958e-02
294

8.700000000000000e-08

2.986719657029389e-01

4.094489504391507e-15
295

8.701723217226337e-08

3.115864591850551e-01

0.000000000000000e+00
296

8.705169651679010e-08

3.372223127510766e-01

0.000000000000000e+00
297

8.712062520584358e-08

3.877501594251179e-01

0.000000000000000e+00
298

8.725848258395055e-08

4.857601639123943e-01

0.000000000000000e+00
299

8.753419734016447e-08

6.655618707367769e-01

0.000000000000000e+00
300

8.808562685259231e-08

9.230589033684472e-01

0.000000000000000e+00
301

8.908562685259230e-08

1.092827501245413e+00

0.000000000000000e+00
302

9.000000000000000e-08

1.099921002280932e+00

0.000000000000000e+00
303

9.009999999999999e-08

1.099933890427270e+00

1.099999999999937e-01
304

9.029999999999999e-08

1.099956340820591e+00

3.299999999999957e-01
305

9.070000000000000e-08

8.632436596852100e-01

7.699999999999997e-01
306

9.099999999999999e-08

5.166258848939645e-01

1.099999999999995e+00
307

9.104048668942452e-08

4.728850068934233e-01

1.100000000000000e+00
308

9.112146006827358e-08

3.884288154632540e-01

1.100000000000000e+00
309

9.128340682597171e-08

2.452281042929221e-01

1.100000000000000e+00
310

9.160730034136797e-08

7.603021399452814e-02

1.100000000000000e+00
311

9.188893075740070e-08

2.342048988315676e-02

1.100000000000000e+00
312

9.214801002705952e-08

7.647507303969374e-03

1.100000000000000e+00
313

9.244337850918775e-08

1.998449571825905e-03

1.100000000000000e+00
314

9.283183039863444e-08

2.546476765769116e-04

1.100000000000000e+00
315

9.344684358546154e-08

-2.504088786640363e-05

1.100000000000000e+00
316

9.444684358546153e-08

8.685913399277763e-06

1.100000000000000e+00
317

9.544684358546153e-08

-1.990092655162830e-06

1.100000000000000e+00
318

9.600000000000000e-08

2.154603326358646e-07

1.099999999999999e+00
319

9.609999999999999e-08

5.636095220110463e-07

9.900000000000057e-01
320

9.630000000000000e-08

5.234445070293367e-07

7.700000000000037e-01
321

9.635000000000000e-08

5.075542480275300e-07

7.149999999999996e-01
322

9.644999999999999e-08

4.947582533018810e-07

6.050000000000059e-01
323

9.655517605655154e-08

4.802457166847575e-07

4.893063377933020e-01
324

9.667791278397224e-08

4.702333057568713e-02

3.542959376305311e-01
325

9.679345710380497e-08

1.395128015565252e-01

2.271971858145262e-01
326

9.696474959323151e-08

2.722176578277903e-01

3.877544744533414e-02
327

9.700000000000000e-08

2.986719657029426e-01

4.094489504391507e-15
328

9.701723217226336e-08

3.115864591850584e-01

0.000000000000000e+00
329

9.705169651679010e-08

3.372223127510801e-01

0.000000000000000e+00
330

9.712062520584358e-08

3.877501594251225e-01

0.000000000000000e+00
331

9.725848258395055e-08

4.857601639124001e-01

0.000000000000000e+00
332

9.753419734016447e-08

6.655618707367854e-01

0.000000000000000e+00
333

9.808562685259232e-08

9.230589033684551e-01

0.000000000000000e+00
334

9.908562685259231e-08

1.092827501245413e+00

0.000000000000000e+00
335

1.000000000000000e-07

1.099921002280932e+00

0.000000000000000e+00
