Title:
*xnor
Date:
Sun
Aug
29
15:37:11

2010
Plotname:
Transient
Analysis
Flags:
real
No.
Variables:
6
No.
Points:
279





Variables:

0
time
time

1
v(out)
voltage

2
v(a)
voltage

3
v(b)
voltage

4
v(a1)
voltage

5
v(b1)
voltage
Values:
0

0.000000000000000e+00

1.883164568962593e-06

0.000000000000000e+00

0.000000000000000e+00

1.100000000000000e+00

1.100000000000000e+00
1

5.000000000000001e-12

-6.621596689952799e-06

5.500000000000001e-03

5.500000000000001e-03

1.094500000000000e+00

1.094500000000000e+00
2

1.000000000000000e-11

-1.518574413344091e-05

1.100000000000000e-02

1.100000000000000e-02

1.089000000000000e+00

1.089000000000000e+00
3

2.000000000000000e-11

-3.212275774583787e-05

2.200000000000000e-02

2.200000000000000e-02

1.078000000000000e+00

1.078000000000000e+00
4

4.000000000000000e-11

-6.484971975899713e-05

4.400000000000000e-02

4.400000000000000e-02

1.056000000000000e+00

1.056000000000000e+00
5

8.000000000000001e-11

-1.258549724994681e-04

8.800000000000001e-02

8.800000000000001e-02

1.012000000000000e+00

1.012000000000000e+00
6

1.600000000000000e-10

-2.264213643684625e-04

1.760000000000000e-01

1.760000000000000e-01

9.240000000000000e-01

9.240000000000000e-01
7

3.200000000000000e-10

4.403011720857647e-04

3.520000000000000e-01

3.520000000000000e-01

7.480000000000000e-01

7.480000000000000e-01
8

6.400000000000001e-10

2.814877944546320e-03

7.040000000000001e-01

7.040000000000001e-01

3.960000000000000e-01

3.960000000000000e-01
9

1.000000000000000e-09

3.091550508214017e-03

1.100000000000000e+00

1.100000000000000e+00

0.000000000000000e+00

0.000000000000000e+00
10

1.064000000000000e-09

2.777325642023231e-03

1.100000000000000e+00

1.100000000000000e+00

0.000000000000000e+00

0.000000000000000e+00
11

1.192000000000000e-09

2.203980504328535e-03

1.100000000000000e+00

1.100000000000000e+00

0.000000000000000e+00

0.000000000000000e+00
12

1.448000000000000e-09

1.362559126662390e-03

1.100000000000000e+00

1.100000000000000e+00

0.000000000000000e+00

0.000000000000000e+00
13

1.960000000000000e-09

4.882399699667408e-04

1.100000000000000e+00

1.100000000000000e+00

0.000000000000000e+00

0.000000000000000e+00
14

2.960000000000000e-09

3.442091810108904e-05

1.100000000000000e+00

1.100000000000000e+00

0.000000000000000e+00

0.000000000000000e+00
15

3.960000000000000e-09

1.842162174533081e-05

1.100000000000000e+00

1.100000000000000e+00

0.000000000000000e+00

0.000000000000000e+00
16

4.959999999999999e-09

1.292629307603868e-05

1.100000000000000e+00

1.100000000000000e+00

0.000000000000000e+00

0.000000000000000e+00
17

5.959999999999999e-09

9.990617807544995e-06

1.100000000000000e+00

1.100000000000000e+00

0.000000000000000e+00

0.000000000000000e+00
18

6.000000000000000e-09

9.898015695564549e-06

1.100000000000000e+00

1.100000000000000e+00

0.000000000000000e+00

0.000000000000000e+00
19

6.080000000000001e-09

-1.994136433312116e-05

1.011999999999999e+00

1.100000000000000e+00

8.800000000000129e-02

0.000000000000000e+00
20

6.240000000000004e-09

-6.756890952779146e-05

8.359999999999957e-01

1.100000000000000e+00

2.640000000000043e-01

0.000000000000000e+00
21

6.560000000000010e-09

1.272467796318335e-02

4.839999999999897e-01

1.100000000000000e+00

6.160000000000104e-01

0.000000000000000e+00
22

6.979356762618993e-09

1.098409166700288e-01

2.270756111910794e-02

1.100000000000000e+00

1.077292438880892e+00

0.000000000000000e+00
23

7.000000000000000e-09

1.177668893495055e-01

4.549312315749177e-16

1.100000000000000e+00

1.100000000000000e+00

0.000000000000000e+00
24

7.040632692194404e-09

1.333677413645865e-01

0.000000000000000e+00

1.100000000000000e+00

1.100000000000000e+00

0.000000000000000e+00
25

7.121898076583211e-09

1.644690146535021e-01

0.000000000000000e+00

1.100000000000000e+00

1.100000000000000e+00

0.000000000000000e+00
26

7.284428845360826e-09

2.260362016847202e-01

0.000000000000000e+00

1.100000000000000e+00

1.100000000000000e+00

0.000000000000000e+00
27

7.609490382916056e-09

3.465471880231898e-01

0.000000000000000e+00

1.100000000000000e+00

1.100000000000000e+00

0.000000000000000e+00
28

8.259613458026518e-09

5.744017218219265e-01

0.000000000000000e+00

1.100000000000000e+00

1.100000000000000e+00

0.000000000000000e+00
29

9.259613458026519e-09

8.510310616207581e-01

0.000000000000000e+00

1.100000000000000e+00

1.100000000000000e+00

0.000000000000000e+00
30

1.000000000000000e-08

9.762802067747606e-01

0.000000000000000e+00

1.100000000000000e+00

1.100000000000000e+00

0.000000000000000e+00
31

1.010000000000000e-08

9.867637070587102e-01

1.099999999999992e-01

1.100000000000000e+00

9.900000000000009e-01

0.000000000000000e+00
32

1.030000000000000e-08

1.003302921310823e+00

3.299999999999993e-01

1.100000000000000e+00

7.700000000000008e-01

0.000000000000000e+00
33

1.070000000000000e-08

9.424338757832708e-01

7.699999999999997e-01

1.100000000000000e+00

3.300000000000005e-01

0.000000000000000e+00
34

1.100000000000000e-08

7.868829425325163e-01

1.100000000000000e+00

1.099999999999999e+00

0.000000000000000e+00

6.824240053562478e-16
35

1.106813956229600e-08

7.429129218188864e-01

1.100000000000000e+00

1.025046481474396e+00

0.000000000000000e+00

7.495351852560443e-02
36

1.120441868688801e-08

6.601299895371630e-01

1.100000000000000e+00

8.751394444231881e-01

0.000000000000000e+00

2.248605555768119e-01
37

1.147697693607202e-08

5.623464668456222e-01

1.100000000000000e+00

5.753253703207750e-01

0.000000000000000e+00

5.246746296792251e-01
38

1.195584902602034e-08

6.033644610568644e-01

1.100000000000000e+00

4.856607137762770e-02

0.000000000000000e+00

1.051433928622372e+00
39

1.200000000000000e-08

6.176016764853670e-01

1.100000000000000e+00

4.549312315749177e-16

0.000000000000000e+00

1.100000000000000e+00
40

1.208830194795932e-08

6.456261902291588e-01

1.100000000000000e+00

0.000000000000000e+00

0.000000000000000e+00

1.100000000000000e+00
41

1.226490584387797e-08

6.999777889311753e-01

1.100000000000000e+00

0.000000000000000e+00

0.000000000000000e+00

1.100000000000000e+00
42

1.261811363571526e-08

7.969633238514678e-01

1.100000000000000e+00

0.000000000000000e+00

0.000000000000000e+00

1.100000000000000e+00
43

1.332452921938983e-08

9.393246414962951e-01

1.100000000000000e+00

0.000000000000000e+00

0.000000000000000e+00

1.100000000000000e+00
44

1.432452921938983e-08

1.044109348105851e+00

1.100000000000000e+00

0.000000000000000e+00

0.000000000000000e+00

1.100000000000000e+00
45

1.532452921938983e-08

1.082256750257386e+00

1.100000000000000e+00

0.000000000000000e+00

0.000000000000000e+00

1.100000000000000e+00
46

1.600000000000000e-08

1.091609818561486e+00

1.099999999999999e+00

0.000000000000000e+00

6.824240053562478e-16

1.100000000000000e+00
47

1.610000000000000e-08

1.092451298502443e+00

9.899999999999984e-01

0.000000000000000e+00

1.100000000000017e-01

1.100000000000000e+00
48

1.630000000000000e-08

1.092738828579469e+00

7.700000000000001e-01

0.000000000000000e+00

3.300000000000000e-01

1.100000000000000e+00
49

1.670000000000000e-08

1.016877332430310e+00

3.299999999999998e-01

0.000000000000000e+00

7.700000000000004e-01

1.100000000000000e+00
50

1.700000000000000e-08

8.585547361696567e-01

4.549312315749177e-16

0.000000000000000e+00

1.100000000000000e+00

1.100000000000000e+00
51

1.707376285604868e-08

8.086315101157137e-01

0.000000000000000e+00

0.000000000000000e+00

1.100000000000000e+00

1.100000000000000e+00
52

1.722128856814606e-08

7.096584078842544e-01

0.000000000000000e+00

0.000000000000000e+00

1.100000000000000e+00

1.100000000000000e+00
53

1.751633999234080e-08

5.185107611844572e-01

0.000000000000000e+00

0.000000000000000e+00

1.100000000000000e+00

1.100000000000000e+00
54

1.810644284073029e-08

2.211777979131714e-01

0.000000000000000e+00

0.000000000000000e+00

1.100000000000000e+00

1.100000000000000e+00
55

1.893661249931279e-08

3.577369176955233e-02

0.000000000000000e+00

0.000000000000000e+00

1.100000000000000e+00

1.100000000000000e+00
56

1.939974685734459e-08

1.347577739315184e-02

0.000000000000000e+00

0.000000000000000e+00

1.100000000000000e+00

1.100000000000000e+00
57

1.989996025884190e-08

4.558249808105892e-03

0.000000000000000e+00

0.000000000000000e+00

1.100000000000000e+00

1.100000000000000e+00
58

2.000000000000000e-08

3.734825610223007e-03

0.000000000000000e+00

0.000000000000000e+00

1.100000000000000e+00

1.100000000000000e+00
59

2.005381815655387e-08

3.297511697927162e-03

5.919997220925726e-02

5.919997220925726e-02

1.040800027790743e+00

1.040800027790743e+00
60

2.016145446966161e-08

2.537842443968472e-03

1.775999166277681e-01

1.775999166277681e-01

9.224000833722320e-01

9.224000833722320e-01
61

2.037672709587709e-08

4.569899787482457e-03

4.143998054647935e-01

4.143998054647935e-01

6.856001945352066e-01

6.856001945352066e-01
62

2.080727234830804e-08

7.542822118434022e-03

8.879995831388406e-01

8.879995831388406e-01

2.120004168611594e-01

2.120004168611594e-01
63

2.100000000000000e-08

5.952309414475400e-03

1.099999999999999e+00

1.099999999999999e+00

1.137436499154543e-15

1.137436499154543e-15
64

2.105169197807239e-08

5.434713782280823e-03

1.100000000000000e+00

1.100000000000000e+00

0.000000000000000e+00

0.000000000000000e+00
65

2.115507593421717e-08

4.477495735167925e-03

1.100000000000000e+00

1.100000000000000e+00

0.000000000000000e+00

0.000000000000000e+00
66

2.136184384650673e-08

3.006485955548913e-03

1.100000000000000e+00

1.100000000000000e+00

0.000000000000000e+00

0.000000000000000e+00
67

2.177537967108586e-08

1.302514975872296e-03

1.100000000000000e+00

1.100000000000000e+00

0.000000000000000e+00

0.000000000000000e+00
68

2.260245132024410e-08

1.624432873511554e-04

1.100000000000000e+00

1.100000000000000e+00

0.000000000000000e+00

0.000000000000000e+00
69

2.360245132024410e-08

2.082266877828483e-05

1.100000000000000e+00

1.100000000000000e+00

0.000000000000000e+00

0.000000000000000e+00
70

2.460245132024410e-08

1.332513091339836e-05

1.100000000000000e+00

1.100000000000000e+00

0.000000000000000e+00

0.000000000000000e+00
71

2.560245132024410e-08

9.944558699895686e-06

1.100000000000000e+00

1.100000000000000e+00

0.000000000000000e+00

0.000000000000000e+00
72

2.600000000000000e-08

9.035188763565453e-06

1.099999999999999e+00

1.100000000000000e+00

6.824240053562478e-16

0.000000000000000e+00
73

2.610000000000000e-08

-2.819944870053467e-05

9.899999999999984e-01

1.100000000000000e+00

1.100000000000017e-01

0.000000000000000e+00
74

2.630000000000000e-08

-8.043867351961157e-05

7.700000000000001e-01

1.100000000000000e+00

3.300000000000000e-01

0.000000000000000e+00
75

2.658218745070603e-08

1.417805052954903e-02

4.595938042233653e-01

1.100000000000000e+00

6.404061957766347e-01

0.000000000000000e+00
76

2.698852579633040e-08

1.129979671522258e-01

1.262162403656376e-02

1.100000000000000e+00

1.087378375963436e+00

0.000000000000000e+00
77

2.700000000000000e-08

1.174185133664049e-01

4.549312315749177e-16

1.100000000000000e+00

1.100000000000000e+00

0.000000000000000e+00
78

2.702294840733921e-08

1.262425504790014e-01

0.000000000000000e+00

1.100000000000000e+00

1.100000000000000e+00

0.000000000000000e+00
79

2.706884522201762e-08

1.438606453708189e-01

0.000000000000000e+00

1.100000000000000e+00

1.100000000000000e+00

0.000000000000000e+00
80

2.716063885137444e-08

1.788960254562864e-01

0.000000000000000e+00

1.100000000000000e+00

1.100000000000000e+00

0.000000000000000e+00
81

2.734422611008809e-08

2.481507391821843e-01

0.000000000000000e+00

1.100000000000000e+00

1.100000000000000e+00

0.000000000000000e+00
82

2.771140062751539e-08

3.832605213475789e-01

0.000000000000000e+00

1.100000000000000e+00

1.100000000000000e+00

0.000000000000000e+00
83

2.844574966236998e-08

6.339177652913867e-01

0.000000000000000e+00

1.100000000000000e+00

1.100000000000000e+00

0.000000000000000e+00
84

2.944574966236998e-08

8.896593373889328e-01

0.000000000000000e+00

1.100000000000000e+00

1.100000000000000e+00

0.000000000000000e+00
85

3.000000000000000e-08

9.760104377870159e-01

0.000000000000000e+00

1.100000000000000e+00

1.100000000000000e+00

0.000000000000000e+00
86

3.010000000000000e-08

9.865151924854215e-01

1.100000000000010e-01

1.100000000000000e+00

9.899999999999991e-01

0.000000000000000e+00
87

3.030000000000001e-08

1.003089838045982e+00

3.300000000000030e-01

1.100000000000000e+00

7.699999999999971e-01

0.000000000000000e+00
88

3.070000000000000e-08

9.422537612051787e-01

7.699999999999997e-01

1.100000000000000e+00

3.300000000000005e-01

0.000000000000000e+00
89

3.100000000000000e-08

7.867086512600042e-01

1.099999999999995e+00

1.100000000000000e+00

4.776994771971133e-15

0.000000000000000e+00
90

3.106812804397706e-08

7.427470290609917e-01

1.100000000000000e+00

1.025059151625232e+00

0.000000000000000e+00

7.494084837476780e-02
91

3.120438413193119e-08

6.599781918050990e-01

1.100000000000000e+00

8.751774548756871e-01

0.000000000000000e+00

2.248225451243130e-01
92

3.147689630783946e-08

5.621884719153480e-01

1.100000000000000e+00

5.754140613765968e-01

0.000000000000000e+00

5.245859386234033e-01
93

3.195575213724017e-08

6.031732977090960e-01

1.100000000000000e+00

4.867264903580881e-02

0.000000000000000e+00

1.051327350964191e+00
94

3.200000000000000e-08

6.174431144843651e-01

1.100000000000000e+00

0.000000000000000e+00

0.000000000000000e+00

1.100000000000000e+00
95

3.208849572551966e-08

6.455317193575102e-01

1.100000000000000e+00

0.000000000000000e+00

0.000000000000000e+00

1.100000000000000e+00
96

3.226548717655897e-08

7.000042507897439e-01

1.100000000000000e+00

0.000000000000000e+00

0.000000000000000e+00

1.100000000000000e+00
97

3.261947007863759e-08

7.971789457996177e-01

1.100000000000000e+00

0.000000000000000e+00

0.000000000000000e+00

1.100000000000000e+00
98

3.332743588279482e-08

9.397003782614430e-01

1.100000000000000e+00

0.000000000000000e+00

0.000000000000000e+00

1.100000000000000e+00
99

3.432743588279483e-08

1.044258245641454e+00

1.100000000000000e+00

0.000000000000000e+00

0.000000000000000e+00

1.100000000000000e+00
100

3.532743588279483e-08

1.082306312270685e+00

1.100000000000000e+00

0.000000000000000e+00

0.000000000000000e+00

1.100000000000000e+00
101

3.600000000000000e-08

1.091603838801006e+00

1.099999999999999e+00

0.000000000000000e+00

6.824240053562478e-16

1.100000000000000e+00
102

3.610000000000001e-08

1.092445863957624e+00

9.899999999999984e-01

0.000000000000000e+00

1.100000000000017e-01

1.100000000000000e+00
103

3.630000000000001e-08

1.092734309978442e+00

7.699999999999965e-01

0.000000000000000e+00

3.300000000000036e-01

1.100000000000000e+00
104

3.670000000000000e-08

1.016873632830933e+00

3.299999999999998e-01

0.000000000000000e+00

7.700000000000004e-01

1.100000000000000e+00
105

3.700000000000001e-08

8.585511541743724e-01

0.000000000000000e+00

0.000000000000000e+00

1.100000000000000e+00

1.100000000000000e+00
106

3.707376253960977e-08

8.086281703441454e-01

0.000000000000000e+00

0.000000000000000e+00

1.100000000000000e+00

1.100000000000000e+00
107

3.722128761882928e-08

7.096555476804181e-01

0.000000000000000e+00

0.000000000000000e+00

1.100000000000000e+00

1.100000000000000e+00
108

3.751633777726830e-08

5.185088581152201e-01

0.000000000000000e+00

0.000000000000000e+00

1.100000000000000e+00

1.100000000000000e+00
109

3.810643809414635e-08

2.211774712685398e-01

0.000000000000000e+00

0.000000000000000e+00

1.100000000000000e+00

1.100000000000000e+00
110

3.893660503790317e-08

3.577395314216418e-02

0.000000000000000e+00

0.000000000000000e+00

1.100000000000000e+00

1.100000000000000e+00
111

3.939973808760224e-08

1.347592124082611e-02

0.000000000000000e+00

0.000000000000000e+00

1.100000000000000e+00

1.100000000000000e+00
112

3.989994832195750e-08

4.558336639795275e-03

0.000000000000000e+00

0.000000000000000e+00

1.100000000000000e+00

1.100000000000000e+00
113

4.000000000000000e-08

3.734807382020813e-03

0.000000000000000e+00

0.000000000000000e+00

1.100000000000000e+00

1.100000000000000e+00
114

4.005381826518709e-08

3.297494409000020e-03

5.920009170580242e-02

5.920009170580242e-02

1.040799908294198e+00

1.040799908294198e+00
115

4.016145479556128e-08

2.537827113178123e-03

1.776002751174073e-01

1.776002751174073e-01

9.223997248825928e-01

9.223997248825928e-01
116

4.037672785630965e-08

4.569917158495556e-03

4.144006419406097e-01

4.144006419406097e-01

6.855993580593904e-01

6.855993580593904e-01
117

4.080727397780638e-08

7.542876953892244e-03

8.880013755870217e-01

8.880013755870217e-01

2.119986244129783e-01

2.119986244129783e-01
118

4.100000000000000e-08

5.952357881724921e-03

1.100000000000000e+00

1.100000000000000e+00

0.000000000000000e+00

0.000000000000000e+00
119

4.105169184065975e-08

5.434759282330871e-03

1.100000000000000e+00

1.100000000000000e+00

0.000000000000000e+00

0.000000000000000e+00
120

4.115507552197922e-08

4.477535493590581e-03

1.100000000000000e+00

1.100000000000000e+00

0.000000000000000e+00

0.000000000000000e+00
121

4.136184288461818e-08

3.006515718060489e-03

1.100000000000000e+00

1.100000000000000e+00

0.000000000000000e+00

0.000000000000000e+00
122

4.177537760989610e-08

1.302530802568445e-03

1.100000000000000e+00

1.100000000000000e+00

0.000000000000000e+00

0.000000000000000e+00
123

4.260244706045194e-08

1.624465930738245e-04

1.100000000000000e+00

1.100000000000000e+00

0.000000000000000e+00

0.000000000000000e+00
124

4.360244706045194e-08

2.082271164568772e-05

1.100000000000000e+00

1.100000000000000e+00

0.000000000000000e+00

0.000000000000000e+00
125

4.460244706045195e-08

1.332513860326478e-05

1.100000000000000e+00

1.100000000000000e+00

0.000000000000000e+00

0.000000000000000e+00
126

4.560244706045195e-08

9.944559600241888e-06

1.100000000000000e+00

1.100000000000000e+00

0.000000000000000e+00

0.000000000000000e+00
127

4.600000000000000e-08

9.035179874725897e-06

1.099999999999999e+00

1.100000000000000e+00

6.824240053562478e-16

0.000000000000000e+00
128

4.610000000000000e-08

-2.819946866945860e-05

9.899999999999984e-01

1.100000000000000e+00

1.100000000000017e-01

0.000000000000000e+00
129

4.630000000000000e-08

-8.043887331848889e-05

7.699999999999965e-01

1.100000000000000e+00

3.300000000000036e-01

0.000000000000000e+00
130

4.658218744751221e-08

1.417804975610798e-02

4.595938077365678e-01

1.100000000000000e+00

6.404061922634322e-01

0.000000000000000e+00
131

4.698852579013973e-08

1.129979647686416e-01

1.262163084630367e-02

1.100000000000000e+00

1.087378369153696e+00

0.000000000000000e+00
132

4.700000000000000e-08

1.174185133554887e-01

0.000000000000000e+00

1.100000000000000e+00

1.100000000000000e+00

0.000000000000000e+00
133

4.702294841972056e-08

1.262425552214114e-01

0.000000000000000e+00

1.100000000000000e+00

1.100000000000000e+00

0.000000000000000e+00
134

4.706884525916168e-08

1.438606595828856e-01

0.000000000000000e+00

1.100000000000000e+00

1.100000000000000e+00

0.000000000000000e+00
135

4.716063893804391e-08

1.788960583891240e-01

0.000000000000000e+00

1.100000000000000e+00

1.100000000000000e+00

0.000000000000000e+00
136

4.734422629580837e-08

2.481508086663447e-01

0.000000000000000e+00

1.100000000000000e+00

1.100000000000000e+00

0.000000000000000e+00
137

4.771140101133730e-08

3.832606600426768e-01

0.000000000000000e+00

1.100000000000000e+00

1.100000000000000e+00

0.000000000000000e+00
138

4.844575044239515e-08

6.339180081253801e-01

0.000000000000000e+00

1.100000000000000e+00

1.100000000000000e+00

0.000000000000000e+00
139

4.944575044239516e-08

8.896594891610495e-01

0.000000000000000e+00

1.100000000000000e+00

1.100000000000000e+00

0.000000000000000e+00
140

5.000000000000000e-08

9.760104373395097e-01

0.000000000000000e+00

1.100000000000000e+00

1.100000000000000e+00

0.000000000000000e+00
141

5.010000000000000e-08

9.865151920730153e-01

1.100000000000010e-01

1.100000000000000e+00

9.899999999999991e-01

0.000000000000000e+00
142

5.030000000000000e-08

1.003089837692511e+00

3.300000000000030e-01

1.100000000000000e+00

7.699999999999971e-01

0.000000000000000e+00
143

5.070000000000000e-08

9.422537609060347e-01

7.699999999999997e-01

1.100000000000000e+00

3.300000000000005e-01

0.000000000000000e+00
144

5.100000000000000e-08

7.867086509705142e-01

1.100000000000000e+00

1.100000000000000e+00

0.000000000000000e+00

0.000000000000000e+00
145

5.106812804395681e-08

7.427470287861562e-01

1.100000000000000e+00

1.025059151647514e+00

0.000000000000000e+00

7.494084835248621e-02
146

5.120438413187042e-08

6.599781915548353e-01

1.100000000000000e+00

8.751774549425392e-01

0.000000000000000e+00

2.248225450574609e-01
147

5.147689630769764e-08

5.621884716539189e-01

1.100000000000000e+00

5.754140615325971e-01

0.000000000000000e+00

5.245859384674030e-01
148

5.195575213707527e-08

6.031732973890440e-01

1.100000000000000e+00

4.867264921719892e-02

0.000000000000000e+00

1.051327350782801e+00
149

5.200000000000000e-08

6.174431142197373e-01

1.100000000000000e+00

0.000000000000000e+00

0.000000000000000e+00

1.100000000000000e+00
150

5.208849572584946e-08

6.455317192018286e-01

1.100000000000000e+00

0.000000000000000e+00

0.000000000000000e+00

1.100000000000000e+00
151

5.226548717754837e-08

7.000042508395771e-01

1.100000000000000e+00

0.000000000000000e+00

0.000000000000000e+00

1.100000000000000e+00
152

5.261947008094619e-08

7.971789461705527e-01

1.100000000000000e+00

0.000000000000000e+00

0.000000000000000e+00

1.100000000000000e+00
153

5.332743588774183e-08

9.397003789028634e-01

1.100000000000000e+00

0.000000000000000e+00

0.000000000000000e+00

1.100000000000000e+00
154

5.432743588774183e-08

1.044258245895560e+00

1.100000000000000e+00

0.000000000000000e+00

0.000000000000000e+00

1.100000000000000e+00
155

5.532743588774183e-08

1.082306312355255e+00

1.100000000000000e+00

0.000000000000000e+00

0.000000000000000e+00

1.100000000000000e+00
156

5.600000000000000e-08

1.091603838791016e+00

1.099999999999999e+00

0.000000000000000e+00

6.824240053562478e-16

1.100000000000000e+00
157

5.610000000000000e-08

1.092445863948544e+00

9.899999999999984e-01

0.000000000000000e+00

1.100000000000017e-01

1.100000000000000e+00
158

5.630000000000000e-08

1.092734309970893e+00

7.699999999999965e-01

0.000000000000000e+00

3.300000000000036e-01

1.100000000000000e+00
159

5.670000000000000e-08

1.016873632824752e+00

3.299999999999998e-01

0.000000000000000e+00

7.700000000000004e-01

1.100000000000000e+00
160

5.700000000000000e-08

8.585511541683883e-01

0.000000000000000e+00

0.000000000000000e+00

1.100000000000000e+00

1.100000000000000e+00
161

5.707376253960923e-08

8.086281703385646e-01

0.000000000000000e+00

0.000000000000000e+00

1.100000000000000e+00

1.100000000000000e+00
162

5.722128761882769e-08

7.096555476756358e-01

0.000000000000000e+00

0.000000000000000e+00

1.100000000000000e+00

1.100000000000000e+00
163

5.751633777726461e-08

5.185088581120326e-01

0.000000000000000e+00

0.000000000000000e+00

1.100000000000000e+00

1.100000000000000e+00
164

5.810643809413844e-08

2.211774712679842e-01

0.000000000000000e+00

0.000000000000000e+00

1.100000000000000e+00

1.100000000000000e+00
165

5.893660503789071e-08

3.577395314259939e-02

0.000000000000000e+00

0.000000000000000e+00

1.100000000000000e+00

1.100000000000000e+00
166

5.939973808758758e-08

1.347592124106608e-02

0.000000000000000e+00

0.000000000000000e+00

1.100000000000000e+00

1.100000000000000e+00
167

5.989994832193755e-08

4.558336639940156e-03

0.000000000000000e+00

0.000000000000000e+00

1.100000000000000e+00

1.100000000000000e+00
168

5.999999999999999e-08

3.734807381990188e-03

0.000000000000000e+00

0.000000000000000e+00

1.100000000000000e+00

1.100000000000000e+00
169

6.005381826518727e-08

3.297494408970999e-03

5.920009170598440e-02

5.920009170598440e-02

1.040799908294016e+00

1.040799908294016e+00
170

6.016145479556181e-08

2.537827113152389e-03

1.776002751179823e-01

1.776002751179823e-01

9.223997248820178e-01

9.223997248820178e-01
171

6.037672785631091e-08

4.569917158524001e-03

4.144006419419927e-01

4.144006419419927e-01

6.855993580580074e-01

6.855993580580074e-01
172

6.080727397780910e-08

7.542876953982825e-03

8.880013755899989e-01

8.880013755899989e-01

2.119986244100012e-01

2.119986244100012e-01
173

6.100000000000000e-08

5.952357881805136e-03

1.099999999999995e+00

1.099999999999995e+00

4.776994771971133e-15

4.776994771971133e-15
174

6.105169184065951e-08

5.434759282406167e-03

1.100000000000000e+00

1.100000000000000e+00

0.000000000000000e+00

0.000000000000000e+00
175

6.115507552197855e-08

4.477535493656351e-03

1.100000000000000e+00

1.100000000000000e+00

0.000000000000000e+00

0.000000000000000e+00
176

6.136184288461661e-08

3.006515718109680e-03

1.100000000000000e+00

1.100000000000000e+00

0.000000000000000e+00

0.000000000000000e+00
177

6.177537760989272e-08

1.302530802594559e-03

1.100000000000000e+00

1.100000000000000e+00

0.000000000000000e+00

0.000000000000000e+00
178

6.260244706044496e-08

1.624465930792652e-04

1.100000000000000e+00

1.100000000000000e+00

0.000000000000000e+00

0.000000000000000e+00
179

6.360244706044496e-08

2.082271164577402e-05

1.100000000000000e+00

1.100000000000000e+00

0.000000000000000e+00

0.000000000000000e+00
180

6.460244706044495e-08

1.332513860328903e-05

1.100000000000000e+00

1.100000000000000e+00

0.000000000000000e+00

0.000000000000000e+00
181

6.560244706044495e-08

9.944559600243199e-06

1.100000000000000e+00

1.100000000000000e+00

0.000000000000000e+00

0.000000000000000e+00
182

6.600000000000001e-08

9.035179874712934e-06

1.099999999999999e+00

1.100000000000000e+00

6.824240053562478e-16

0.000000000000000e+00
183

6.610000000000000e-08

-2.819946866948786e-05

9.900000000000057e-01

1.100000000000000e+00

1.099999999999944e-01

0.000000000000000e+00
184

6.630000000000000e-08

-8.043887331882255e-05

7.700000000000037e-01

1.100000000000000e+00

3.299999999999964e-01

0.000000000000000e+00
185

6.658218744751220e-08

1.417804975610472e-02

4.595938077365896e-01

1.100000000000000e+00

6.404061922634104e-01

0.000000000000000e+00
186

6.698852579013973e-08

1.129979647686399e-01

1.262163084630367e-02

1.100000000000000e+00

1.087378369153696e+00

0.000000000000000e+00
187

6.700000000000000e-08

1.174185133554844e-01

4.094489504391507e-15

1.100000000000000e+00

1.099999999999996e+00

0.000000000000000e+00
188

6.702294841972055e-08

1.262425552214020e-01

0.000000000000000e+00

1.100000000000000e+00

1.100000000000000e+00

0.000000000000000e+00
189

6.706884525916164e-08

1.438606595828660e-01

0.000000000000000e+00

1.100000000000000e+00

1.100000000000000e+00

0.000000000000000e+00
190

6.716063893804382e-08

1.788960583890842e-01

0.000000000000000e+00

1.100000000000000e+00

1.100000000000000e+00

0.000000000000000e+00
191

6.734422629580817e-08

2.481508086662658e-01

0.000000000000000e+00

1.100000000000000e+00

1.100000000000000e+00

0.000000000000000e+00
192

6.771140101133689e-08

3.832606600425242e-01

0.000000000000000e+00

1.100000000000000e+00

1.100000000000000e+00

0.000000000000000e+00
193

6.844575044239432e-08

6.339180081251168e-01

0.000000000000000e+00

1.100000000000000e+00

1.100000000000000e+00

0.000000000000000e+00
194

6.944575044239432e-08

8.896594891608850e-01

0.000000000000000e+00

1.100000000000000e+00

1.100000000000000e+00

0.000000000000000e+00
195

7.000000000000000e-08

9.760104373395108e-01

0.000000000000000e+00

1.100000000000000e+00

1.100000000000000e+00

0.000000000000000e+00
196

7.010000000000000e-08

9.865151920730162e-01

1.099999999999937e-01

1.100000000000000e+00

9.900000000000064e-01

0.000000000000000e+00
197

7.030000000000000e-08

1.003089837692512e+00

3.299999999999957e-01

1.100000000000000e+00

7.700000000000045e-01

0.000000000000000e+00
198

7.070000000000000e-08

9.422537609060363e-01

7.699999999999997e-01

1.100000000000000e+00

3.300000000000005e-01

0.000000000000000e+00
199

7.100000000000000e-08

7.867086509705193e-01

1.099999999999995e+00

1.100000000000000e+00

4.776994771971133e-15

0.000000000000000e+00
200

7.106812804395680e-08

7.427470287861621e-01

1.100000000000000e+00

1.025059151647528e+00

0.000000000000000e+00

7.494084835247165e-02
201

7.120438413187041e-08

6.599781915548414e-01

1.100000000000000e+00

8.751774549425537e-01

0.000000000000000e+00

2.248225450574464e-01
202

7.147689630769763e-08

5.621884716539193e-01

1.100000000000000e+00

5.754140615326189e-01

0.000000000000000e+00

5.245859384673812e-01
203

7.195575213707526e-08

6.031732973890351e-01

1.100000000000000e+00

4.867264921722076e-02

0.000000000000000e+00

1.051327350782779e+00
204

7.200000000000001e-08

6.174431142197349e-01

1.100000000000000e+00

0.000000000000000e+00

0.000000000000000e+00

1.100000000000000e+00
205

7.208849572584950e-08

6.455317192018383e-01

1.100000000000000e+00

0.000000000000000e+00

0.000000000000000e+00

1.100000000000000e+00
206

7.226548717754849e-08

7.000042508396094e-01

1.100000000000000e+00

0.000000000000000e+00

0.000000000000000e+00

1.100000000000000e+00
207

7.261947008094647e-08

7.971789461706191e-01

1.100000000000000e+00

0.000000000000000e+00

0.000000000000000e+00

1.100000000000000e+00
208

7.332743588774243e-08

9.397003789029541e-01

1.100000000000000e+00

0.000000000000000e+00

0.000000000000000e+00

1.100000000000000e+00
209

7.432743588774243e-08

1.044258245895595e+00

1.100000000000000e+00

0.000000000000000e+00

0.000000000000000e+00

1.100000000000000e+00
210

7.532743588774242e-08

1.082306312355267e+00

1.100000000000000e+00

0.000000000000000e+00

0.000000000000000e+00

1.100000000000000e+00
211

7.600000000000001e-08

1.091603838791016e+00

1.099999999999999e+00

0.000000000000000e+00

6.824240053562478e-16

1.100000000000000e+00
212

7.610000000000000e-08

1.092445863948544e+00

9.900000000000057e-01

0.000000000000000e+00

1.099999999999944e-01

1.100000000000000e+00
213

7.630000000000000e-08

1.092734309970893e+00

7.700000000000037e-01

0.000000000000000e+00

3.299999999999964e-01

1.100000000000000e+00
214

7.670000000000001e-08

1.016873632824754e+00

3.299999999999998e-01

0.000000000000000e+00

7.700000000000004e-01

1.100000000000000e+00
215

7.700000000000000e-08

8.585511541683940e-01

4.094489504391507e-15

0.000000000000000e+00

1.099999999999996e+00

1.100000000000000e+00
216

7.707376253960922e-08

8.086281703385715e-01

0.000000000000000e+00

0.000000000000000e+00

1.100000000000000e+00

1.100000000000000e+00
217

7.722128761882768e-08

7.096555476756454e-01

0.000000000000000e+00

0.000000000000000e+00

1.100000000000000e+00

1.100000000000000e+00
218

7.751633777726459e-08

5.185088581120469e-01

0.000000000000000e+00

0.000000000000000e+00

1.100000000000000e+00

1.100000000000000e+00
219

7.810643809413841e-08

2.211774712679992e-01

0.000000000000000e+00

0.000000000000000e+00

1.100000000000000e+00

1.100000000000000e+00
220

7.893660503789072e-08

3.577395314259854e-02

0.000000000000000e+00

0.000000000000000e+00

1.100000000000000e+00

1.100000000000000e+00
221

7.939973808758760e-08

1.347592124106533e-02

0.000000000000000e+00

0.000000000000000e+00

1.100000000000000e+00

1.100000000000000e+00
222

7.989994832193757e-08

4.558336639939894e-03

0.000000000000000e+00

0.000000000000000e+00

1.100000000000000e+00

1.100000000000000e+00
223

8.000000000000000e-08

3.734807381990070e-03

0.000000000000000e+00

0.000000000000000e+00

1.100000000000000e+00

1.100000000000000e+00
224

8.005381826518727e-08

3.297494408970880e-03

5.920009170599896e-02

5.920009170599896e-02

1.040799908294001e+00

1.040799908294001e+00
225

8.016145479556182e-08

2.537827113152310e-03

1.776002751179969e-01

1.776002751179969e-01

9.223997248820032e-01

9.223997248820032e-01
226

8.037672785631092e-08

4.569917158524422e-03

4.144006419420073e-01

4.144006419420073e-01

6.855993580579928e-01

6.855993580579928e-01
227

8.080727397780910e-08

7.542876953983734e-03

8.880013755900135e-01

8.880013755900135e-01

2.119986244099866e-01

2.119986244099866e-01
228

8.100000000000000e-08

5.952357881805845e-03

1.099999999999995e+00

1.099999999999995e+00

4.776994771971133e-15

4.776994771971133e-15
229

8.105169184065951e-08

5.434759282406853e-03

1.100000000000000e+00

1.100000000000000e+00

0.000000000000000e+00

0.000000000000000e+00
230

8.115507552197853e-08

4.477535493656984e-03

1.100000000000000e+00

1.100000000000000e+00

0.000000000000000e+00

0.000000000000000e+00
231

8.136184288461657e-08

3.006515718110201e-03

1.100000000000000e+00

1.100000000000000e+00

0.000000000000000e+00

0.000000000000000e+00
232

8.177537760989266e-08

1.302530802594890e-03

1.100000000000000e+00

1.100000000000000e+00

0.000000000000000e+00

0.000000000000000e+00
233

8.260244706044482e-08

1.624465930793626e-04

1.100000000000000e+00

1.100000000000000e+00

0.000000000000000e+00

0.000000000000000e+00
234

8.360244706044482e-08

2.082271164577646e-05

1.100000000000000e+00

1.100000000000000e+00

0.000000000000000e+00

0.000000000000000e+00
235

8.460244706044481e-08

1.332513860328963e-05

1.100000000000000e+00

1.100000000000000e+00

0.000000000000000e+00

0.000000000000000e+00
236

8.560244706044481e-08

9.944559600244056e-06

1.100000000000000e+00

1.100000000000000e+00

0.000000000000000e+00

0.000000000000000e+00
237

8.600000000000000e-08

9.035179874713337e-06

1.099999999999999e+00

1.100000000000000e+00

6.824240053562478e-16

0.000000000000000e+00
238

8.610000000000000e-08

-2.819946866948751e-05

9.900000000000057e-01

1.100000000000000e+00

1.099999999999944e-01

0.000000000000000e+00
239

8.630000000000000e-08

-8.043887331882327e-05

7.700000000000037e-01

1.100000000000000e+00

3.299999999999964e-01

0.000000000000000e+00
240

8.658218744751219e-08

1.417804975610469e-02

4.595938077365896e-01

1.100000000000000e+00

6.404061922634104e-01

0.000000000000000e+00
241

8.698852579013973e-08

1.129979647686399e-01

1.262163084630367e-02

1.100000000000000e+00

1.087378369153696e+00

0.000000000000000e+00
242

8.700000000000000e-08

1.174185133554844e-01

4.094489504391507e-15

1.100000000000000e+00

1.099999999999996e+00

0.000000000000000e+00
243

8.702294841972054e-08

1.262425552214020e-01

0.000000000000000e+00

1.100000000000000e+00

1.100000000000000e+00

0.000000000000000e+00
244

8.706884525916163e-08

1.438606595828660e-01

0.000000000000000e+00

1.100000000000000e+00

1.100000000000000e+00

0.000000000000000e+00
245

8.716063893804381e-08

1.788960583890842e-01

0.000000000000000e+00

1.100000000000000e+00

1.100000000000000e+00

0.000000000000000e+00
246

8.734422629580817e-08

2.481508086662658e-01

0.000000000000000e+00

1.100000000000000e+00

1.100000000000000e+00

0.000000000000000e+00
247

8.771140101133688e-08

3.832606600425242e-01

0.000000000000000e+00

1.100000000000000e+00

1.100000000000000e+00

0.000000000000000e+00
248

8.844575044239431e-08

6.339180081251168e-01

0.000000000000000e+00

1.100000000000000e+00

1.100000000000000e+00

0.000000000000000e+00
249

8.944575044239431e-08

8.896594891608850e-01

0.000000000000000e+00

1.100000000000000e+00

1.100000000000000e+00

0.000000000000000e+00
250

9.000000000000000e-08

9.760104373395108e-01

0.000000000000000e+00

1.100000000000000e+00

1.100000000000000e+00

0.000000000000000e+00
251

9.009999999999999e-08

9.865151920730162e-01

1.099999999999937e-01

1.100000000000000e+00

9.900000000000064e-01

0.000000000000000e+00
252

9.029999999999999e-08

1.003089837692512e+00

3.299999999999957e-01

1.100000000000000e+00

7.700000000000045e-01

0.000000000000000e+00
253

9.070000000000000e-08

9.422537609060363e-01

7.699999999999997e-01

1.100000000000000e+00

3.300000000000005e-01

0.000000000000000e+00
254

9.099999999999999e-08

7.867086509705193e-01

1.099999999999995e+00

1.100000000000000e+00

4.776994771971133e-15

0.000000000000000e+00
255

9.106812804395679e-08

7.427470287861621e-01

1.100000000000000e+00

1.025059151647528e+00

0.000000000000000e+00

7.494084835247165e-02
256

9.120438413187041e-08

6.599781915548414e-01

1.100000000000000e+00

8.751774549425537e-01

0.000000000000000e+00

2.248225450574464e-01
257

9.147689630769762e-08

5.621884716539193e-01

1.100000000000000e+00

5.754140615326189e-01

0.000000000000000e+00

5.245859384673812e-01
258

9.195575213707526e-08

6.031732973890351e-01

1.100000000000000e+00

4.867264921722076e-02

0.000000000000000e+00

1.051327350782779e+00
259

9.200000000000000e-08

6.174431142197349e-01

1.100000000000000e+00

0.000000000000000e+00

0.000000000000000e+00

1.100000000000000e+00
260

9.208849572584950e-08

6.455317192018383e-01

1.100000000000000e+00

0.000000000000000e+00

0.000000000000000e+00

1.100000000000000e+00
261

9.226548717754849e-08

7.000042508396094e-01

1.100000000000000e+00

0.000000000000000e+00

0.000000000000000e+00

1.100000000000000e+00
262

9.261947008094647e-08

7.971789461706191e-01

1.100000000000000e+00

0.000000000000000e+00

0.000000000000000e+00

1.100000000000000e+00
263

9.332743588774242e-08

9.397003789029541e-01

1.100000000000000e+00

0.000000000000000e+00

0.000000000000000e+00

1.100000000000000e+00
264

9.432743588774242e-08

1.044258245895595e+00

1.100000000000000e+00

0.000000000000000e+00

0.000000000000000e+00

1.100000000000000e+00
265

9.532743588774242e-08

1.082306312355267e+00

1.100000000000000e+00

0.000000000000000e+00

0.000000000000000e+00

1.100000000000000e+00
266

9.600000000000000e-08

1.091603838791016e+00

1.099999999999999e+00

0.000000000000000e+00

6.824240053562478e-16

1.100000000000000e+00
267

9.609999999999999e-08

1.092445863948544e+00

9.900000000000057e-01

0.000000000000000e+00

1.099999999999944e-01

1.100000000000000e+00
268

9.630000000000000e-08

1.092734309970893e+00

7.700000000000037e-01

0.000000000000000e+00

3.299999999999964e-01

1.100000000000000e+00
269

9.670000000000000e-08

1.016873632824754e+00

3.299999999999998e-01

0.000000000000000e+00

7.700000000000004e-01

1.100000000000000e+00
270

9.700000000000000e-08

8.585511541683940e-01

4.094489504391507e-15

0.000000000000000e+00

1.099999999999996e+00

1.100000000000000e+00
271

9.707376253960922e-08

8.086281703385715e-01

0.000000000000000e+00

0.000000000000000e+00

1.100000000000000e+00

1.100000000000000e+00
272

9.722128761882768e-08

7.096555476756454e-01

0.000000000000000e+00

0.000000000000000e+00

1.100000000000000e+00

1.100000000000000e+00
273

9.751633777726458e-08

5.185088581120469e-01

0.000000000000000e+00

0.000000000000000e+00

1.100000000000000e+00

1.100000000000000e+00
274

9.810643809413840e-08

2.211774712679992e-01

0.000000000000000e+00

0.000000000000000e+00

1.100000000000000e+00

1.100000000000000e+00
275

9.893660503789071e-08

3.577395314259854e-02

0.000000000000000e+00

0.000000000000000e+00

1.100000000000000e+00

1.100000000000000e+00
276

9.939973808758759e-08

1.347592124106533e-02

0.000000000000000e+00

0.000000000000000e+00

1.100000000000000e+00

1.100000000000000e+00
277

9.989994832193757e-08

4.558336639939894e-03

0.000000000000000e+00

0.000000000000000e+00

1.100000000000000e+00

1.100000000000000e+00
278

1.000000000000000e-07

3.734807381990070e-03

0.000000000000000e+00

0.000000000000000e+00

1.100000000000000e+00

1.100000000000000e+00
