Title:
*xor
Date:
Sun
Aug
29
15:37:06

2010
Plotname:
Transient
Analysis
Flags:
real
No.
Variables:
6
No.
Points:
310





Variables:

0
time
time

1
v(out)
voltage

2
v(a)
voltage

3
v(b)
voltage

4
v(a1)
voltage

5
v(b1)
voltage
Values:
0

0.000000000000000e+00

1.099991153532131e+00

0.000000000000000e+00

0.000000000000000e+00

1.100000000000000e+00

1.100000000000000e+00
1

5.000000000000001e-12

1.099994243643871e+00

5.500000000000001e-03

5.500000000000001e-03

1.094500000000000e+00

1.094500000000000e+00
2

1.000000000000000e-11

1.099997556892950e+00

1.100000000000000e-02

1.100000000000000e-02

1.089000000000000e+00

1.089000000000000e+00
3

2.000000000000000e-11

1.100004188953206e+00

2.200000000000000e-02

2.200000000000000e-02

1.078000000000000e+00

1.078000000000000e+00
4

4.000000000000000e-11

1.100017070569299e+00

4.400000000000000e-02

4.400000000000000e-02

1.056000000000000e+00

1.056000000000000e+00
5

8.000000000000001e-11

1.100040819687744e+00

8.800000000000001e-02

8.800000000000001e-02

1.012000000000000e+00

1.012000000000000e+00
6

1.600000000000000e-10

1.100068702388616e+00

1.760000000000000e-01

1.760000000000000e-01

9.240000000000000e-01

9.240000000000000e-01
7

3.200000000000000e-10

1.098751798244432e+00

3.520000000000000e-01

3.520000000000000e-01

7.480000000000000e-01

7.480000000000000e-01
8

6.400000000000001e-10

1.089091462970103e+00

7.040000000000001e-01

7.040000000000001e-01

3.960000000000000e-01

3.960000000000000e-01
9

1.000000000000000e-09

1.084014757882184e+00

1.100000000000000e+00

1.100000000000000e+00

0.000000000000000e+00

0.000000000000000e+00
10

1.064000000000000e-09

1.085008273780962e+00

1.100000000000000e+00

1.100000000000000e+00

0.000000000000000e+00

0.000000000000000e+00
11

1.192000000000000e-09

1.086881998726337e+00

1.100000000000000e+00

1.100000000000000e+00

0.000000000000000e+00

0.000000000000000e+00
12

1.448000000000000e-09

1.089993061963932e+00

1.100000000000000e+00

1.100000000000000e+00

0.000000000000000e+00

0.000000000000000e+00
13

1.960000000000000e-09

1.094254034725679e+00

1.100000000000000e+00

1.100000000000000e+00

0.000000000000000e+00

0.000000000000000e+00
14

2.960000000000000e-09

1.098229849531547e+00

1.100000000000000e+00

1.100000000000000e+00

0.000000000000000e+00

0.000000000000000e+00
15

3.960000000000000e-09

1.099447360277284e+00

1.100000000000000e+00

1.100000000000000e+00

0.000000000000000e+00

0.000000000000000e+00
16

4.959999999999999e-09

1.099819111612000e+00

1.100000000000000e+00

1.100000000000000e+00

0.000000000000000e+00

0.000000000000000e+00
17

5.959999999999999e-09

1.099933289882579e+00

1.100000000000000e+00

1.100000000000000e+00

0.000000000000000e+00

0.000000000000000e+00
18

6.000000000000000e-09

1.099935423386013e+00

1.100000000000000e+00

1.100000000000000e+00

0.000000000000000e+00

0.000000000000000e+00
19

6.080000000000001e-09

1.100001442056409e+00

1.011999999999999e+00

1.100000000000000e+00

8.800000000000129e-02

0.000000000000000e+00
20

6.240000000000004e-09

1.099885426330429e+00

8.359999999999957e-01

1.100000000000000e+00

2.640000000000043e-01

0.000000000000000e+00
21

6.560000000000010e-09

1.065289580960830e+00

4.839999999999897e-01

1.100000000000000e+00

6.160000000000104e-01

0.000000000000000e+00
22

7.000000000000000e-09

8.679528410887233e-01

4.549312315749177e-16

1.100000000000000e+00

1.100000000000000e+00

0.000000000000000e+00
23

7.064000000000001e-09

8.245219131637079e-01

0.000000000000000e+00

1.100000000000000e+00

1.100000000000000e+00

0.000000000000000e+00
24

7.192000000000003e-09

7.383044292864495e-01

0.000000000000000e+00

1.100000000000000e+00

1.100000000000000e+00

0.000000000000000e+00
25

7.448000000000007e-09

5.703766658948028e-01

0.000000000000000e+00

1.100000000000000e+00

1.100000000000000e+00

0.000000000000000e+00
26

7.960000000000016e-09

2.873769415735555e-01

0.000000000000000e+00

1.100000000000000e+00

1.100000000000000e+00

0.000000000000000e+00
27

8.932964945372466e-09

3.213793447657195e-02

0.000000000000000e+00

1.100000000000000e+00

1.100000000000000e+00

0.000000000000000e+00
28

9.447995386683153e-09

1.058793736603503e-02

0.000000000000000e+00

1.100000000000000e+00

1.100000000000000e+00

0.000000000000000e+00
29

1.000000000000000e-08

3.105608745998623e-03

0.000000000000000e+00

1.100000000000000e+00

1.100000000000000e+00

0.000000000000000e+00
30

1.008297061465351e-08

2.599317348988607e-03

9.126767611885905e-02

1.100000000000000e+00

1.008732323881141e+00

0.000000000000000e+00
31

1.024891184396052e-08

1.919554384058405e-03

2.738030283565772e-01

1.100000000000000e+00

8.261969716434229e-01

0.000000000000000e+00
32

1.058079430257456e-08

2.066426506334815e-02

6.388737328320115e-01

1.100000000000000e+00

4.611262671679885e-01

0.000000000000000e+00
33

1.094047923864281e-08

1.034666572162460e-01

1.034527162507088e+00

1.100000000000000e+00

6.547283749291226e-02

0.000000000000000e+00
34

1.100000000000000e-08

1.253815856606996e-01

1.100000000000000e+00

1.099999999999999e+00

0.000000000000000e+00

6.824240053562478e-16
35

1.104382528051707e-08

1.416751602000073e-01

1.100000000000000e+00

1.051792191431228e+00

0.000000000000000e+00

4.820780856877233e-02
36

1.113147584155120e-08

1.727709292503188e-01

1.100000000000000e+00

9.553765742936845e-01

0.000000000000000e+00

1.446234257063156e-01
37

1.130677696361946e-08

2.213455942527846e-01

1.100000000000000e+00

7.625453400185961e-01

0.000000000000000e+00

3.374546599814040e-01
38

1.165737920775598e-08

2.118909181339125e-01

1.100000000000000e+00

3.768828714684211e-01

0.000000000000000e+00

7.231171285315789e-01
39

1.199660075901608e-08

1.266207462038255e-01

1.100000000000000e+00

3.739165082311432e-03

0.000000000000000e+00

1.096260834917689e+00
40

1.200000000000000e-08

1.258342407371831e-01

1.100000000000000e+00

4.549312315749177e-16

0.000000000000000e+00

1.100000000000000e+00
41

1.200679848196784e-08

1.242836852669684e-01

1.100000000000000e+00

0.000000000000000e+00

0.000000000000000e+00

1.100000000000000e+00
42

1.202039544590351e-08

1.212170878274447e-01

1.100000000000000e+00

0.000000000000000e+00

0.000000000000000e+00

1.100000000000000e+00
43

1.204758937377487e-08

1.152899971179626e-01

1.100000000000000e+00

0.000000000000000e+00

0.000000000000000e+00

1.100000000000000e+00
44

1.210197722951757e-08

1.042238701523117e-01

1.100000000000000e+00

0.000000000000000e+00

0.000000000000000e+00

1.100000000000000e+00
45

1.221075294100298e-08

8.495940642514953e-02

1.100000000000000e+00

0.000000000000000e+00

0.000000000000000e+00

1.100000000000000e+00
46

1.242830436397380e-08

5.585577793537198e-02

1.100000000000000e+00

0.000000000000000e+00

0.000000000000000e+00

1.100000000000000e+00
47

1.286340720991544e-08

2.278389366551219e-02

1.100000000000000e+00

0.000000000000000e+00

0.000000000000000e+00

1.100000000000000e+00
48

1.343977638913390e-08

6.312443301673304e-03

1.100000000000000e+00

0.000000000000000e+00

0.000000000000000e+00

1.100000000000000e+00
49

1.409579660787452e-08

1.349776392333765e-03

1.100000000000000e+00

0.000000000000000e+00

0.000000000000000e+00

1.100000000000000e+00
50

1.494164761945447e-08

1.295397449709724e-04

1.100000000000000e+00

0.000000000000000e+00

0.000000000000000e+00

1.100000000000000e+00
51

1.594164761945447e-08

1.162753992520503e-05

1.100000000000000e+00

0.000000000000000e+00

0.000000000000000e+00

1.100000000000000e+00
52

1.600000000000000e-08

1.146749183845947e-05

1.099999999999999e+00

0.000000000000000e+00

6.824240053562478e-16

1.100000000000000e+00
53

1.610000000000000e-08

-2.416956848820574e-05

9.899999999999984e-01

0.000000000000000e+00

1.100000000000017e-01

1.100000000000000e+00
54

1.630000000000000e-08

-3.229546240117845e-05

7.700000000000001e-01

0.000000000000000e+00

3.300000000000000e-01

1.100000000000000e+00
55

1.658297806855391e-08

1.437633525945836e-02

4.587241245906994e-01

0.000000000000000e+00

6.412758754093006e-01

1.100000000000000e+00
56

1.699000379441608e-08

1.135814762653172e-01

1.099582614231535e-02

0.000000000000000e+00

1.089004173857685e+00

1.100000000000000e+00
57

1.700000000000000e-08

1.174351861863059e-01

4.549312315749177e-16

0.000000000000000e+00

1.100000000000000e+00

1.100000000000000e+00
58

1.701999241116785e-08

1.251241406696095e-01

0.000000000000000e+00

0.000000000000000e+00

1.100000000000000e+00

1.100000000000000e+00
59

1.705997723350354e-08

1.404802376928179e-01

0.000000000000000e+00

0.000000000000000e+00

1.100000000000000e+00

1.100000000000000e+00
60

1.713994687817492e-08

1.710404015928998e-01

0.000000000000000e+00

0.000000000000000e+00

1.100000000000000e+00

1.100000000000000e+00
61

1.729988616751768e-08

2.315429890791553e-01

0.000000000000000e+00

0.000000000000000e+00

1.100000000000000e+00

1.100000000000000e+00
62

1.761976474620320e-08

3.500039393232017e-01

0.000000000000000e+00

0.000000000000000e+00

1.100000000000000e+00

1.100000000000000e+00
63

1.825952190357425e-08

5.741354296779109e-01

0.000000000000000e+00

0.000000000000000e+00

1.100000000000000e+00

1.100000000000000e+00
64

1.925952190357425e-08

8.508456542217299e-01

0.000000000000000e+00

0.000000000000000e+00

1.100000000000000e+00

1.100000000000000e+00
65

2.000000000000000e-08

9.761901423500698e-01

0.000000000000000e+00

0.000000000000000e+00

1.100000000000000e+00

1.100000000000000e+00
66

2.010000000000000e-08

9.861158653181011e-01

1.100000000000010e-01

1.100000000000010e-01

9.899999999999991e-01

9.899999999999991e-01
67

2.030000000000000e-08

1.000521112689254e+00

3.299999999999993e-01

3.299999999999993e-01

7.700000000000008e-01

7.700000000000008e-01
68

2.070000000000000e-08

1.015494424444297e+00

7.699999999999997e-01

7.699999999999997e-01

3.300000000000005e-01

3.300000000000005e-01
69

2.100000000000000e-08

1.030463363477261e+00

1.099999999999999e+00

1.099999999999999e+00

1.137436499154543e-15

1.137436499154543e-15
70

2.108000000000000e-08

1.035704849407073e+00

1.100000000000000e+00

1.100000000000000e+00

0.000000000000000e+00

0.000000000000000e+00
71

2.124000000000000e-08

1.045434886863313e+00

1.100000000000000e+00

1.100000000000000e+00

0.000000000000000e+00

0.000000000000000e+00
72

2.156000000000000e-08

1.060919260439910e+00

1.100000000000000e+00

1.100000000000000e+00

0.000000000000000e+00

0.000000000000000e+00
73

2.220000000000000e-08

1.080517126662019e+00

1.100000000000000e+00

1.100000000000000e+00

0.000000000000000e+00

0.000000000000000e+00
74

2.320000000000000e-08

1.093994257250428e+00

1.100000000000000e+00

1.100000000000000e+00

0.000000000000000e+00

0.000000000000000e+00
75

2.420000000000000e-08

1.098161302408393e+00

1.100000000000000e+00

1.100000000000000e+00

0.000000000000000e+00

0.000000000000000e+00
76

2.520000000000000e-08

1.099430599355937e+00

1.100000000000000e+00

1.100000000000000e+00

0.000000000000000e+00

0.000000000000000e+00
77

2.600000000000000e-08

1.099762113973025e+00

1.099999999999999e+00

1.100000000000000e+00

6.824240053562478e-16

0.000000000000000e+00
78

2.610000000000000e-08

1.099856088730291e+00

9.899999999999984e-01

1.100000000000000e+00

1.100000000000017e-01

0.000000000000000e+00
79

2.630000000000000e-08

1.098886583379243e+00

7.700000000000001e-01

1.100000000000000e+00

3.300000000000000e-01

0.000000000000000e+00
80

2.670000000000000e-08

1.021901597212939e+00

3.299999999999998e-01

1.100000000000000e+00

7.700000000000004e-01

0.000000000000000e+00
81

2.700000000000000e-08

8.634192315071576e-01

4.549312315749177e-16

1.100000000000000e+00

1.100000000000000e+00

0.000000000000000e+00
82

2.707420011306488e-08

8.131618477080116e-01

0.000000000000000e+00

1.100000000000000e+00

1.100000000000000e+00

0.000000000000000e+00
83

2.722260033919463e-08

7.135273112734946e-01

0.000000000000000e+00

1.100000000000000e+00

1.100000000000000e+00

0.000000000000000e+00
84

2.751940079145414e-08

5.210623865304810e-01

0.000000000000000e+00

1.100000000000000e+00

1.100000000000000e+00

0.000000000000000e+00
85

2.811300169597315e-08

2.215787713233301e-01

0.000000000000000e+00

1.100000000000000e+00

1.100000000000000e+00

0.000000000000000e+00
86

2.894682044034237e-08

3.541362117330579e-02

0.000000000000000e+00

1.100000000000000e+00

1.100000000000000e+00

0.000000000000000e+00
87

2.941171261899252e-08

1.327977040708916e-02

0.000000000000000e+00

1.100000000000000e+00

1.100000000000000e+00

0.000000000000000e+00
88

2.991633354182600e-08

4.439766214844996e-03

0.000000000000000e+00

1.100000000000000e+00

1.100000000000000e+00

0.000000000000000e+00
89

3.000000000000000e-08

3.758941155660627e-03

0.000000000000000e+00

1.100000000000000e+00

1.100000000000000e+00

0.000000000000000e+00
90

3.005366943082454e-08

3.349304941342325e-03

5.903637390699431e-02

1.100000000000000e+00

1.040963626093006e+00

0.000000000000000e+00
91

3.016100829247362e-08

2.630155238619471e-03

1.771091217209756e-01

1.100000000000000e+00

9.228908782790245e-01

0.000000000000000e+00
92

3.037568601577177e-08

4.055572591256782e-03

4.132546173489456e-01

1.100000000000000e+00

6.867453826510544e-01

0.000000000000000e+00
93

3.069165270544464e-08

3.562169689773687e-02

7.608179759890957e-01

1.100000000000000e+00

3.391820240109044e-01

0.000000000000000e+00
94

3.100000000000000e-08

1.242609770947832e-01

1.099999999999995e+00

1.100000000000000e+00

4.776994771971133e-15

0.000000000000000e+00
95

3.103553342953296e-08

1.375744306557959e-01

1.100000000000000e+00

1.060913227513742e+00

0.000000000000000e+00

3.908677248625819e-02
96

3.110660028859888e-08

1.632696467220804e-01

1.100000000000000e+00

9.827396825412305e-01

0.000000000000000e+00

1.172603174587696e-01
97

3.124873400673073e-08

2.071108085713020e-01

1.100000000000000e+00

8.263925925962005e-01

0.000000000000000e+00

2.736074074037996e-01
98

3.153300144299441e-08

2.280801374278757e-01

1.100000000000000e+00

5.136984127061476e-01

0.000000000000000e+00

5.863015872938525e-01
99

3.186660759941075e-08

1.618612555827360e-01

1.100000000000000e+00

1.467316406481791e-01

0.000000000000000e+00

9.532683593518210e-01
100

3.200000000000000e-08

1.278461825828246e-01

1.100000000000000e+00

0.000000000000000e+00

0.000000000000000e+00

1.100000000000000e+00
101

3.206306505453664e-08

1.145089678673259e-01

1.100000000000000e+00

0.000000000000000e+00

0.000000000000000e+00

1.100000000000000e+00
102

3.218919516360993e-08

9.046018763950367e-02

1.100000000000000e+00

0.000000000000000e+00

0.000000000000000e+00

1.100000000000000e+00
103

3.244145538175651e-08

5.557306848257476e-02

1.100000000000000e+00

0.000000000000000e+00

0.000000000000000e+00

1.100000000000000e+00
104

3.294597581804966e-08

1.915791720012073e-02

1.100000000000000e+00

0.000000000000000e+00

0.000000000000000e+00

1.100000000000000e+00
105

3.348270935373791e-08

5.925776686465357e-03

1.100000000000000e+00

0.000000000000000e+00

0.000000000000000e+00

1.100000000000000e+00
106

3.417921983200257e-08

1.103120093490447e-03

1.100000000000000e+00

0.000000000000000e+00

0.000000000000000e+00

1.100000000000000e+00
107

3.499794190496750e-08

1.290073696198205e-04

1.100000000000000e+00

0.000000000000000e+00

0.000000000000000e+00

1.100000000000000e+00
108

3.599794190496750e-08

1.362812551874324e-05

1.100000000000000e+00

0.000000000000000e+00

0.000000000000000e+00

1.100000000000000e+00
109

3.600000000000000e-08

1.361929216047660e-05

1.099999999999999e+00

0.000000000000000e+00

6.824240053562478e-16

1.100000000000000e+00
110

3.600411619006501e-08

1.194225911567927e-05

1.095472190928488e+00

0.000000000000000e+00

4.527809071511857e-03

1.100000000000000e+00
111

3.601234857019504e-08

8.455879650382840e-06

1.086416572785466e+00

0.000000000000000e+00

1.358342721453421e-02

1.100000000000000e+00
112

3.602881333045508e-08

1.602500459697017e-06

1.068305336499421e+00

0.000000000000000e+00

3.169466350057890e-02

1.100000000000000e+00
113

3.606174285097516e-08

-1.144072422680272e-05

1.032082863927332e+00

0.000000000000000e+00

6.791713607266830e-02

1.100000000000000e+00
114

3.612760189201532e-08

-3.519060379072954e-05

9.596379187831530e-01

0.000000000000000e+00

1.403620812168471e-01

1.100000000000000e+00
115

3.625931997409564e-08

-6.144735484900108e-05

8.147480284947954e-01

0.000000000000000e+00

2.852519715052047e-01

1.100000000000000e+00
116

3.652275613825629e-08

6.851739790467263e-03

5.249682479180802e-01

0.000000000000000e+00

5.750317520819199e-01

1.100000000000000e+00
117

3.685406639676369e-08

7.167840852940298e-02

1.605269635599486e-01

0.000000000000000e+00

9.394730364400515e-01

1.100000000000000e+00
118

3.700000000000001e-08

1.244270353233083e-01

0.000000000000000e+00

0.000000000000000e+00

1.100000000000000e+00

1.100000000000000e+00
119

3.703079817034584e-08

1.362438961420214e-01

0.000000000000000e+00

0.000000000000000e+00

1.100000000000000e+00

1.100000000000000e+00
120

3.709239451103750e-08

1.598220408260305e-01

0.000000000000000e+00

0.000000000000000e+00

1.100000000000000e+00

1.100000000000000e+00
121

3.721558719242082e-08

2.066145465664758e-01

0.000000000000000e+00

0.000000000000000e+00

1.100000000000000e+00

1.100000000000000e+00
122

3.746197255518747e-08

2.987127858814486e-01

0.000000000000000e+00

0.000000000000000e+00

1.100000000000000e+00

1.100000000000000e+00
123

3.795474328072077e-08

4.763696570816289e-01

0.000000000000000e+00

0.000000000000000e+00

1.100000000000000e+00

1.100000000000000e+00
124

3.894028473178737e-08

7.783044528593385e-01

0.000000000000000e+00

0.000000000000000e+00

1.100000000000000e+00

1.100000000000000e+00
125

3.994028473178737e-08

9.714502676290160e-01

0.000000000000000e+00

0.000000000000000e+00

1.100000000000000e+00

1.100000000000000e+00
126

4.000000000000000e-08

9.787234751223811e-01

0.000000000000000e+00

0.000000000000000e+00

1.100000000000000e+00

1.100000000000000e+00
127

4.010000000000000e-08

9.884689186295870e-01

1.100000000000010e-01

1.100000000000010e-01

9.899999999999991e-01

9.899999999999991e-01
128

4.030000000000000e-08

1.002599276133371e+00

3.300000000000030e-01

3.300000000000030e-01

7.699999999999971e-01

7.699999999999971e-01
129

4.070000000000000e-08

1.017212515962449e+00

7.699999999999997e-01

7.699999999999997e-01

3.300000000000005e-01

3.300000000000005e-01
130

4.100000000000000e-08

1.031852415170674e+00

1.100000000000000e+00

1.100000000000000e+00

0.000000000000000e+00

0.000000000000000e+00
131

4.108000000000000e-08

1.036993493273457e+00

1.100000000000000e+00

1.100000000000000e+00

0.000000000000000e+00

0.000000000000000e+00
132

4.124000000000000e-08

1.046535981104830e+00

1.100000000000000e+00

1.100000000000000e+00

0.000000000000000e+00

0.000000000000000e+00
133

4.156000000000000e-08

1.061716778233088e+00

1.100000000000000e+00

1.100000000000000e+00

0.000000000000000e+00

0.000000000000000e+00
134

4.220000000000000e-08

1.080921170302355e+00

1.100000000000000e+00

1.100000000000000e+00

0.000000000000000e+00

0.000000000000000e+00
135

4.320000000000000e-08

1.094120434950375e+00

1.100000000000000e+00

1.100000000000000e+00

0.000000000000000e+00

0.000000000000000e+00
136

4.420000000000001e-08

1.098199789845991e+00

1.100000000000000e+00

1.100000000000000e+00

0.000000000000000e+00

0.000000000000000e+00
137

4.520000000000001e-08

1.099442256711956e+00

1.100000000000000e+00

1.100000000000000e+00

0.000000000000000e+00

0.000000000000000e+00
138

4.600000000000000e-08

1.099766777924999e+00

1.099999999999999e+00

1.100000000000000e+00

6.824240053562478e-16

0.000000000000000e+00
139

4.610000000000000e-08

1.099860323043223e+00

9.899999999999984e-01

1.100000000000000e+00

1.100000000000017e-01

0.000000000000000e+00
140

4.630000000000000e-08

1.098890093504875e+00

7.699999999999965e-01

1.100000000000000e+00

3.300000000000036e-01

0.000000000000000e+00
141

4.670000000000000e-08

1.021904458794129e+00

3.299999999999998e-01

1.100000000000000e+00

7.700000000000004e-01

0.000000000000000e+00
142

4.700000000000000e-08

8.634220021220462e-01

0.000000000000000e+00

1.100000000000000e+00

1.100000000000000e+00

0.000000000000000e+00
143

4.707420036827749e-08

8.131644237667482e-01

0.000000000000000e+00

1.100000000000000e+00

1.100000000000000e+00

0.000000000000000e+00
144

4.722260110483246e-08

7.135295023277022e-01

0.000000000000000e+00

1.100000000000000e+00

1.100000000000000e+00

0.000000000000000e+00
145

4.751940257794241e-08

5.210638128845556e-01

0.000000000000000e+00

1.100000000000000e+00

1.100000000000000e+00

0.000000000000000e+00
146

4.811300552416231e-08

2.215789646982744e-01

0.000000000000000e+00

1.100000000000000e+00

1.100000000000000e+00

0.000000000000000e+00
147

4.894682630745516e-08

3.541341293250606e-02

0.000000000000000e+00

1.100000000000000e+00

1.100000000000000e+00

0.000000000000000e+00
148

4.941171946915403e-08

1.327965854517178e-02

0.000000000000000e+00

1.100000000000000e+00

1.100000000000000e+00

0.000000000000000e+00
149

4.991634296908723e-08

4.439698408667220e-03

0.000000000000000e+00

1.100000000000000e+00

1.100000000000000e+00

0.000000000000000e+00
150

5.000000000000000e-08

3.758954576686560e-03

0.000000000000000e+00

1.100000000000000e+00

1.100000000000000e+00

0.000000000000000e+00
151

5.005366934562120e-08

3.349317676427296e-03

5.903628018332544e-02

1.100000000000000e+00

1.040963719816675e+00

0.000000000000000e+00
152

5.016100803686361e-08

2.630166781204893e-03

1.771088405499763e-01

1.100000000000000e+00

9.228911594500238e-01

0.000000000000000e+00
153

5.037568541934843e-08

4.055576948678146e-03

4.132539612832708e-01

1.100000000000000e+00

6.867460387167292e-01

0.000000000000000e+00
154

5.069165172117943e-08

3.562153846910222e-02

7.608168932973809e-01

1.100000000000000e+00

3.391831067026193e-01

0.000000000000000e+00
155

5.100000000000000e-08

1.242609961764451e-01

1.100000000000000e+00

1.100000000000000e+00

0.000000000000000e+00

0.000000000000000e+00
156

5.103553349472937e-08

1.375744734067338e-01

1.100000000000000e+00

1.060913155797690e+00

0.000000000000000e+00

3.908684420230975e-02
157

5.110660048418811e-08

1.632697329148624e-01

1.100000000000000e+00

9.827394673930758e-01

0.000000000000000e+00

1.172605326069242e-01
158

5.124873446310559e-08

2.071109440720207e-01

1.100000000000000e+00

8.263920905838469e-01

0.000000000000000e+00

2.736079094161532e-01
159

5.153300242094056e-08

2.280800129886572e-01

1.100000000000000e+00

5.136973369653817e-01

0.000000000000000e+00

5.863026630346184e-01
160

5.186660814716043e-08

1.618609804941082e-01

1.100000000000000e+00

1.467310381235337e-01

0.000000000000000e+00

9.532689618764664e-01
161

5.200000000000000e-08

1.278460806330972e-01

1.100000000000000e+00

0.000000000000000e+00

0.000000000000000e+00

1.100000000000000e+00
162

5.206306464510628e-08

1.145089538969382e-01

1.100000000000000e+00

0.000000000000000e+00

0.000000000000000e+00

1.100000000000000e+00
163

5.218919393531882e-08

9.046031676486334e-02

1.100000000000000e+00

0.000000000000000e+00

0.000000000000000e+00

1.100000000000000e+00
164

5.244145251574393e-08

5.557333328528689e-02

1.100000000000000e+00

0.000000000000000e+00

0.000000000000000e+00

1.100000000000000e+00
165

5.294596967659413e-08

1.915817033564266e-02

1.100000000000000e+00

0.000000000000000e+00

0.000000000000000e+00

1.100000000000000e+00
166

5.348270412231726e-08

5.925841153167031e-03

1.100000000000000e+00

0.000000000000000e+00

0.000000000000000e+00

1.100000000000000e+00
167

5.417921197499307e-08

1.103142742278568e-03

1.100000000000000e+00

0.000000000000000e+00

0.000000000000000e+00

1.100000000000000e+00
168

5.499793340468624e-08

1.290101485438163e-04

1.100000000000000e+00

0.000000000000000e+00

0.000000000000000e+00

1.100000000000000e+00
169

5.599793340468624e-08

1.362815536434223e-05

1.100000000000000e+00

0.000000000000000e+00

0.000000000000000e+00

1.100000000000000e+00
170

5.600000000000000e-08

1.361928554401830e-05

1.099999999999999e+00

0.000000000000000e+00

6.824240053562478e-16

1.100000000000000e+00
171

5.600413319062751e-08

1.193504465323950e-05

1.095453490309733e+00

0.000000000000000e+00

4.546509690267114e-03

1.100000000000000e+00
172

5.601239957188254e-08

8.434385289168607e-06

1.086360470929200e+00

0.000000000000000e+00

1.363952907079998e-02

1.100000000000000e+00
173

5.602893233439260e-08

1.553850331753961e-06

1.068174432168134e+00

0.000000000000000e+00

3.182556783186571e-02

1.100000000000000e+00
174

5.606199785941272e-08

-1.153854142743123e-05

1.031802354646003e+00

0.000000000000000e+00

6.819764535399717e-02

1.100000000000000e+00
175

5.612812890945296e-08

-3.536832462688872e-05

9.590581996017400e-01

0.000000000000000e+00

1.409418003982601e-01

1.100000000000000e+00
176

5.626039100953344e-08

-6.129939361710715e-05

8.135698895132142e-01

0.000000000000000e+00

2.864301104867859e-01

1.100000000000000e+00
177

5.652491520969440e-08

7.073879942375497e-03

5.225932693361626e-01

0.000000000000000e+00

5.774067306638375e-01

1.100000000000000e+00
178

5.685770676790636e-08

7.271781262185111e-02

1.565225553030059e-01

0.000000000000000e+00

9.434774446969941e-01

1.100000000000000e+00
179

5.700000000000000e-08

1.242723748987296e-01

0.000000000000000e+00

0.000000000000000e+00

1.100000000000000e+00

1.100000000000000e+00
180

5.703103873579262e-08

1.361816940548187e-01

0.000000000000000e+00

0.000000000000000e+00

1.100000000000000e+00

1.100000000000000e+00
181

5.709311620737786e-08

1.599438539879412e-01

0.000000000000000e+00

0.000000000000000e+00

1.100000000000000e+00

1.100000000000000e+00
182

5.721727115054833e-08

2.070986537627633e-01

0.000000000000000e+00

0.000000000000000e+00

1.100000000000000e+00

1.100000000000000e+00
183

5.746558103688928e-08

2.998977312664692e-01

0.000000000000000e+00

0.000000000000000e+00

1.100000000000000e+00

1.100000000000000e+00
184

5.796220080957118e-08

4.788377717971584e-01

0.000000000000000e+00

0.000000000000000e+00

1.100000000000000e+00

1.100000000000000e+00
185

5.895544035493497e-08

7.819861821065670e-01

0.000000000000000e+00

0.000000000000000e+00

1.100000000000000e+00

1.100000000000000e+00
186

5.995544035493497e-08

9.733210189802152e-01

0.000000000000000e+00

0.000000000000000e+00

1.100000000000000e+00

1.100000000000000e+00
187

5.999999999999999e-08

9.787121180141476e-01

0.000000000000000e+00

0.000000000000000e+00

1.100000000000000e+00

1.100000000000000e+00
188

6.008911929013004e-08

9.875990154489962e-01

9.803121914303259e-02

9.803121914303259e-02

1.001968780856968e+00

1.001968780856968e+00
189

6.026735787039012e-08

1.001482149676477e+00

2.940936574291269e-01

2.940936574291269e-01

8.059063425708732e-01

8.059063425708732e-01
190

6.062383503091029e-08

1.007987505341064e+00

6.862185340013155e-01

6.862185340013155e-01

4.137814659986846e-01

4.137814659986846e-01
191

6.100000000000000e-08

1.019308107626933e+00

1.099999999999995e+00

1.099999999999995e+00

4.776994771971133e-15

4.776994771971133e-15
192

6.107129543210404e-08

1.024717627889336e+00

1.100000000000000e+00

1.100000000000000e+00

0.000000000000000e+00

0.000000000000000e+00
193

6.121388629631211e-08

1.034862228460789e+00

1.100000000000000e+00

1.100000000000000e+00

0.000000000000000e+00

0.000000000000000e+00
194

6.149906802472825e-08

1.051482026779373e+00

1.100000000000000e+00

1.100000000000000e+00

0.000000000000000e+00

0.000000000000000e+00
195

6.206943148156052e-08

1.073672355769202e+00

1.100000000000000e+00

1.100000000000000e+00

0.000000000000000e+00

0.000000000000000e+00
196

6.306943148156051e-08

1.091840626478176e+00

1.100000000000000e+00

1.100000000000000e+00

0.000000000000000e+00

0.000000000000000e+00
197

6.406943148156051e-08

1.097502344473652e+00

1.100000000000000e+00

1.100000000000000e+00

0.000000000000000e+00

0.000000000000000e+00
198

6.506943148156051e-08

1.099230537978512e+00

1.100000000000000e+00

1.100000000000000e+00

0.000000000000000e+00

0.000000000000000e+00
199

6.600000000000001e-08

1.099731102280020e+00

1.099999999999999e+00

1.100000000000000e+00

6.824240053562478e-16

0.000000000000000e+00
200

6.610000000000000e-08

1.099827933351517e+00

9.900000000000057e-01

1.100000000000000e+00

1.099999999999944e-01

0.000000000000000e+00
201

6.630000000000000e-08

1.098863241364671e+00

7.700000000000037e-01

1.100000000000000e+00

3.299999999999964e-01

0.000000000000000e+00
202

6.670000000000001e-08

1.021882578148310e+00

3.299999999999998e-01

1.100000000000000e+00

7.700000000000004e-01

0.000000000000000e+00
203

6.700000000000000e-08

8.634008154183139e-01

4.094489504391507e-15

1.100000000000000e+00

1.099999999999996e+00

0.000000000000000e+00
204

6.707419842580742e-08

8.131447186447118e-01

0.000000000000000e+00

1.100000000000000e+00

1.100000000000000e+00

0.000000000000000e+00
205

6.722259527742225e-08

7.135127292744560e-01

0.000000000000000e+00

1.100000000000000e+00

1.100000000000000e+00

0.000000000000000e+00
206

6.751938898065191e-08

5.210528658262605e-01

0.000000000000000e+00

1.100000000000000e+00

1.100000000000000e+00

0.000000000000000e+00
207

6.811297638711124e-08

2.215774341568082e-01

0.000000000000000e+00

1.100000000000000e+00

1.100000000000000e+00

0.000000000000000e+00
208

6.894678149620957e-08

3.541500345090361e-02

0.000000000000000e+00

1.100000000000000e+00

1.100000000000000e+00

0.000000000000000e+00
209

6.941166710643875e-08

1.328051425843292e-02

0.000000000000000e+00

1.100000000000000e+00

1.100000000000000e+00

0.000000000000000e+00
210

6.991627092779840e-08

4.440216544518530e-03

0.000000000000000e+00

1.100000000000000e+00

1.100000000000000e+00

0.000000000000000e+00
211

7.000000000000000e-08

3.758851925846901e-03

0.000000000000000e+00

1.100000000000000e+00

1.100000000000000e+00

0.000000000000000e+00
212

7.005366999809502e-08

3.349220127917435e-03

5.903699790451323e-02

1.100000000000000e+00

1.040963002095487e+00

0.000000000000000e+00
213

7.016100999428504e-08

2.630075139883523e-03

1.771109937135397e-01

1.100000000000000e+00

9.228890062864604e-01

0.000000000000000e+00
214

7.037568998666509e-08

4.055342972371937e-03

4.132589853315926e-01

1.100000000000000e+00

6.867410146684075e-01

0.000000000000000e+00
215

7.069165629134053e-08

3.562188614860382e-02

7.608219204745821e-01

1.100000000000000e+00

3.391780795254180e-01

0.000000000000000e+00
216

7.100000000000000e-08

1.242605335454394e-01

1.099999999999995e+00

1.100000000000000e+00

4.776994771971133e-15

0.000000000000000e+00
217

7.103553264603958e-08

1.375737024373458e-01

1.100000000000000e+00

1.060914089356467e+00

0.000000000000000e+00

3.908591064353344e-02
218

7.110659793811875e-08

1.632683975538551e-01

1.100000000000000e+00

9.827422680693829e-01

0.000000000000000e+00

1.172577319306172e-01
219

7.124872852227709e-08

2.071089684959551e-01

1.100000000000000e+00

8.263986254952155e-01

0.000000000000000e+00

2.736013745047846e-01
220

7.153298969059377e-08

2.280814278580310e-01

1.100000000000000e+00

5.137113403468661e-01

0.000000000000000e+00

5.862886596531340e-01
221

7.186660089328752e-08

1.618644253723662e-01

1.100000000000000e+00

1.467390173837373e-01

0.000000000000000e+00

9.532609826162628e-01
222

7.200000000000001e-08

1.278472699183726e-01

1.100000000000000e+00

0.000000000000000e+00

0.000000000000000e+00

1.100000000000000e+00
223

7.206306993662742e-08

1.145090185869277e-01

1.100000000000000e+00

0.000000000000000e+00

0.000000000000000e+00

1.100000000000000e+00
224

7.218920980988224e-08

9.045855491312904e-02

1.100000000000000e+00

0.000000000000000e+00

0.000000000000000e+00

1.100000000000000e+00
225

7.244148955639188e-08

5.556985246373709e-02

1.100000000000000e+00

0.000000000000000e+00

0.000000000000000e+00

1.100000000000000e+00
226

7.294604904941114e-08

1.915487810969285e-02

1.100000000000000e+00

0.000000000000000e+00

0.000000000000000e+00

1.100000000000000e+00
227

7.348277192108415e-08

5.924998485803202e-03

1.100000000000000e+00

0.000000000000000e+00

0.000000000000000e+00

1.100000000000000e+00
228

7.417931389065034e-08

1.102847551937206e-03

1.100000000000000e+00

0.000000000000000e+00

0.000000000000000e+00

1.100000000000000e+00
229

7.499804404141734e-08

1.289737135608408e-04

1.100000000000000e+00

0.000000000000000e+00

0.000000000000000e+00

1.100000000000000e+00
230

7.599804404141733e-08

1.362776703084196e-05

1.100000000000000e+00

0.000000000000000e+00

0.000000000000000e+00

1.100000000000000e+00
231

7.600000000000001e-08

1.361937175359269e-05

1.099999999999999e+00

0.000000000000000e+00

6.824240053562478e-16

1.100000000000000e+00
232

7.600391191716535e-08

1.202896126392367e-05

1.095696891118123e+00

0.000000000000000e+00

4.303108881877233e-03

1.100000000000000e+00
233

7.601173575149603e-08

8.714322090176431e-06

1.087090673354370e+00

0.000000000000000e+00

1.290932664563034e-02

1.100000000000000e+00
234

7.602738342015740e-08

2.187933850314970e-06

1.069878237826864e+00

0.000000000000000e+00

3.012176217313654e-02

1.100000000000000e+00
235

7.605867875748014e-08

-1.026153819386126e-05

1.035453366771851e+00

0.000000000000000e+00

6.454663322814895e-02

1.100000000000000e+00
236

7.612126943212562e-08

-3.303966570400601e-05

9.666036246618264e-01

0.000000000000000e+00

1.333963753381738e-01

1.100000000000000e+00
237

7.624645078141657e-08

-6.246618304994225e-05

8.289041404417767e-01

0.000000000000000e+00

2.710958595582234e-01

1.100000000000000e+00
238

7.649681347999848e-08

4.526821348913124e-03

5.535051720016774e-01

0.000000000000000e+00

5.464948279983227e-01

1.100000000000000e+00
239

7.680407399396797e-08

5.805247813471786e-02

2.155186066352401e-01

0.000000000000000e+00

8.844813933647599e-01

1.100000000000000e+00
240

7.700000000000000e-08

1.262147396810166e-01

4.094489504391507e-15

0.000000000000000e+00

1.099999999999996e+00

1.100000000000000e+00
241

7.702848279601377e-08

1.371412319480530e-01

0.000000000000000e+00

0.000000000000000e+00

1.100000000000000e+00

1.100000000000000e+00
242

7.708544838804131e-08

1.589468131518799e-01

0.000000000000000e+00

0.000000000000000e+00

1.100000000000000e+00

1.100000000000000e+00
243

7.719937957209639e-08

2.022470736272770e-01

0.000000000000000e+00

0.000000000000000e+00

1.100000000000000e+00

1.100000000000000e+00
244

7.742724194020654e-08

2.875789315925281e-01

0.000000000000000e+00

0.000000000000000e+00

1.100000000000000e+00

1.100000000000000e+00
245

7.788296667642685e-08

4.527633303614030e-01

0.000000000000000e+00

0.000000000000000e+00

1.100000000000000e+00

1.100000000000000e+00
246

7.879441614886747e-08

7.417326398557745e-01

0.000000000000000e+00

0.000000000000000e+00

1.100000000000000e+00

1.100000000000000e+00
247

7.979441614886746e-08

9.523021776081074e-01

0.000000000000000e+00

0.000000000000000e+00

1.100000000000000e+00

1.100000000000000e+00
248

8.000000000000000e-08

9.790002773678851e-01

0.000000000000000e+00

0.000000000000000e+00

1.100000000000000e+00

1.100000000000000e+00
249

8.010000000000000e-08

9.887260523368225e-01

1.099999999999937e-01

1.099999999999937e-01

9.900000000000064e-01

9.900000000000064e-01
250

8.030000000000000e-08

1.002827613119128e+00

3.299999999999957e-01

3.299999999999957e-01

7.700000000000045e-01

7.700000000000045e-01
251

8.070000000000000e-08

1.017403418871597e+00

7.699999999999997e-01

7.699999999999997e-01

3.300000000000005e-01

3.300000000000005e-01
252

8.100000000000000e-08

1.032006575693793e+00

1.099999999999995e+00

1.099999999999995e+00

4.776994771971133e-15

4.776994771971133e-15
253

8.108000000000000e-08

1.037136497911583e+00

1.100000000000000e+00

1.100000000000000e+00

0.000000000000000e+00

0.000000000000000e+00
254

8.123999999999999e-08

1.046658151938582e+00

1.100000000000000e+00

1.100000000000000e+00

0.000000000000000e+00

0.000000000000000e+00
255

8.155999999999998e-08

1.061805241403264e+00

1.100000000000000e+00

1.100000000000000e+00

0.000000000000000e+00

0.000000000000000e+00
256

8.219999999999998e-08

1.080965969694415e+00

1.100000000000000e+00

1.100000000000000e+00

0.000000000000000e+00

0.000000000000000e+00
257

8.319999999999998e-08

1.094134419682753e+00

1.100000000000000e+00

1.100000000000000e+00

0.000000000000000e+00

0.000000000000000e+00
258

8.419999999999997e-08

1.098204055008815e+00

1.100000000000000e+00

1.100000000000000e+00

0.000000000000000e+00

0.000000000000000e+00
259

8.519999999999997e-08

1.099443548529574e+00

1.100000000000000e+00

1.100000000000000e+00

0.000000000000000e+00

0.000000000000000e+00
260

8.600000000000000e-08

1.099767294754960e+00

1.099999999999999e+00

1.100000000000000e+00

6.824240053562478e-16

0.000000000000000e+00
261

8.610000000000000e-08

1.099860792265802e+00

9.900000000000057e-01

1.100000000000000e+00

1.099999999999944e-01

0.000000000000000e+00
262

8.630000000000000e-08

1.098890482480326e+00

7.700000000000037e-01

1.100000000000000e+00

3.299999999999964e-01

0.000000000000000e+00
263

8.670000000000000e-08

1.021904775867301e+00

3.299999999999998e-01

1.100000000000000e+00

7.700000000000004e-01

0.000000000000000e+00
264

8.700000000000000e-08

8.634223091199735e-01

4.094489504391507e-15

1.100000000000000e+00

1.099999999999996e+00

0.000000000000000e+00
265

8.707420039654242e-08

8.131647092163282e-01

0.000000000000000e+00

1.100000000000000e+00

1.100000000000000e+00

0.000000000000000e+00
266

8.722260118962726e-08

7.135297451351793e-01

0.000000000000000e+00

1.100000000000000e+00

1.100000000000000e+00

0.000000000000000e+00
267

8.751940277579693e-08

5.210639709923925e-01

0.000000000000000e+00

1.100000000000000e+00

1.100000000000000e+00

0.000000000000000e+00
268

8.811300594813626e-08

2.215789862041402e-01

0.000000000000000e+00

1.100000000000000e+00

1.100000000000000e+00

0.000000000000000e+00
269

8.894682695747981e-08

3.541338986099176e-02

0.000000000000000e+00

1.100000000000000e+00

1.100000000000000e+00

0.000000000000000e+00
270

8.941172022815786e-08

1.327964614962120e-02

0.000000000000000e+00

1.100000000000000e+00

1.100000000000000e+00

0.000000000000000e+00
271

8.991634401360913e-08

4.439690895645511e-03

0.000000000000000e+00

1.100000000000000e+00

1.100000000000000e+00

0.000000000000000e+00
272

9.000000000000000e-08

3.758956063456666e-03

0.000000000000000e+00

1.100000000000000e+00

1.100000000000000e+00

0.000000000000000e+00
273

9.005366933617871e-08

3.349319087234900e-03

5.903626979657731e-02

1.100000000000000e+00

1.040963730203423e+00

0.000000000000000e+00
274

9.016100800853612e-08

2.630168059947780e-03

1.771088093897319e-01

1.100000000000000e+00

9.228911906102681e-01

0.000000000000000e+00
275

9.037568535325096e-08

4.055577430622395e-03

4.132538885760557e-01

1.100000000000000e+00

6.867461114239444e-01

0.000000000000000e+00
276

9.069165161208994e-08

3.562152090854593e-02

7.608167732989393e-01

1.100000000000000e+00

3.391832267010609e-01

0.000000000000000e+00
277

9.099999999999999e-08

1.242609982899672e-01

1.099999999999995e+00

1.100000000000000e+00

4.776994771971133e-15

0.000000000000000e+00
278

9.103553350195340e-08

1.375744781429083e-01

1.100000000000000e+00

1.060913147851261e+00

0.000000000000000e+00

3.908685214873876e-02
279

9.110660050586020e-08

1.632697424645762e-01

1.100000000000000e+00

9.827394435537815e-01

0.000000000000000e+00

1.172605564462185e-01
280

9.124873451367381e-08

2.071109590852532e-01

1.100000000000000e+00

8.263920349588074e-01

0.000000000000000e+00

2.736079650411927e-01
281

9.153300252930104e-08

2.280799991994580e-01

1.100000000000000e+00

5.136972177688592e-01

0.000000000000000e+00

5.863027822311409e-01
282

9.186660820785324e-08

1.618609500126102e-01

1.100000000000000e+00

1.467309713614437e-01

0.000000000000000e+00

9.532690286385564e-01
283

9.200000000000000e-08

1.278460693361682e-01

1.100000000000000e+00

0.000000000000000e+00

0.000000000000000e+00

1.100000000000000e+00
284

9.206306459974015e-08

1.145089523484445e-01

1.100000000000000e+00

0.000000000000000e+00

0.000000000000000e+00

1.100000000000000e+00
285

9.218919379922043e-08

9.046033107192923e-02

1.100000000000000e+00

0.000000000000000e+00

0.000000000000000e+00

1.100000000000000e+00
286

9.244145219818099e-08

5.557336262603219e-02

1.100000000000000e+00

0.000000000000000e+00

0.000000000000000e+00

1.100000000000000e+00
287

9.294596899610211e-08

1.915819838389472e-02

1.100000000000000e+00

0.000000000000000e+00

0.000000000000000e+00

1.100000000000000e+00
288

9.348270354266152e-08

5.925848296246919e-03

1.100000000000000e+00

0.000000000000000e+00

0.000000000000000e+00

1.100000000000000e+00
289

9.417921110441487e-08

1.103145251841534e-03

1.100000000000000e+00

0.000000000000000e+00

0.000000000000000e+00

1.100000000000000e+00
290

9.499793246283461e-08

1.290104564569659e-04

1.100000000000000e+00

0.000000000000000e+00

0.000000000000000e+00

1.100000000000000e+00
291

9.599793246283461e-08

1.362815867129810e-05

1.100000000000000e+00

0.000000000000000e+00

0.000000000000000e+00

1.100000000000000e+00
292

9.600000000000000e-08

1.361928481088371e-05

1.099999999999999e+00

0.000000000000000e+00

6.824240053562478e-16

1.100000000000000e+00
293

9.600413507433078e-08

1.193424528623894e-05

1.095451418236136e+00

0.000000000000000e+00

4.548581763864482e-03

1.100000000000000e+00
294

9.601240522299236e-08

8.432003798590467e-06

1.086354254708408e+00

0.000000000000000e+00

1.364574529159208e-02

1.100000000000000e+00
295

9.602894552031550e-08

1.548460465673931e-06

1.068159927652953e+00

0.000000000000000e+00

3.184007234704728e-02

1.100000000000000e+00
296

9.606202611496178e-08

-1.154937678897534e-05

1.031771273542042e+00

0.000000000000000e+00

6.822872645795769e-02

1.100000000000000e+00
297

9.612818730425434e-08

-3.538800415473991e-05

9.589939653202216e-01

0.000000000000000e+00

1.410060346797785e-01

1.100000000000000e+00
298

9.626050968283947e-08

-6.128239321138999e-05

8.134393488765800e-01

0.000000000000000e+00

2.865606511234201e-01

1.100000000000000e+00
299

9.652515444000973e-08

7.098774572766361e-03

5.223301159892968e-01

0.000000000000000e+00

5.776698840107033e-01

1.100000000000000e+00
300

9.685811398094984e-08

7.283450686414658e-02

1.560746209551732e-01

0.000000000000000e+00

9.439253790448269e-01

1.100000000000000e+00
301

9.700000000000000e-08

1.242549733783840e-01

4.094489504391507e-15

0.000000000000000e+00

1.099999999999996e+00

1.100000000000000e+00
302

9.703106579419956e-08

1.361746923191750e-01

0.000000000000000e+00

0.000000000000000e+00

1.100000000000000e+00

1.100000000000000e+00
303

9.709319738259870e-08

1.599575498658826e-01

0.000000000000000e+00

0.000000000000000e+00

1.100000000000000e+00

1.100000000000000e+00
304

9.721746055939699e-08

2.071530967996416e-01

0.000000000000000e+00

0.000000000000000e+00

1.100000000000000e+00

1.100000000000000e+00
305

9.746598691299354e-08

3.000309848831997e-01

0.000000000000000e+00

0.000000000000000e+00

1.100000000000000e+00

1.100000000000000e+00
306

9.796303962018667e-08

4.791152147345353e-01

0.000000000000000e+00

0.000000000000000e+00

1.100000000000000e+00

1.100000000000000e+00
307

9.895714503457291e-08

7.823986469287574e-01

0.000000000000000e+00

0.000000000000000e+00

1.100000000000000e+00

1.100000000000000e+00
308

9.995714503457290e-08

9.735299589146984e-01

0.000000000000000e+00

0.000000000000000e+00

1.100000000000000e+00

1.100000000000000e+00
309

1.000000000000000e-07

9.787109181000337e-01

0.000000000000000e+00

0.000000000000000e+00

1.100000000000000e+00

1.100000000000000e+00
