Title:
*mux
Date:
Thu
Nov
18
12:57:27

2010
Plotname:
Transient
Analysis
Flags:
real
No.
Variables:
5
No.
Points:
301





Variables:

0
time
time

1
v(out)
voltage

2
v(in1)
voltage

3
v(in2)
voltage

4
v(clk)
voltage
Values:
0

0.000000000000000e+00

8.887146962071705e-07

0.000000000000000e+00

0.000000000000000e+00

0.000000000000000e+00
1

5.000000000000001e-12

3.158419113702922e-03

5.000000000000000e-03

5.000000000000000e-03

5.000000000000000e-03
2

1.000000000000000e-11

7.471609736315356e-03

1.000000000000000e-02

1.000000000000000e-02

1.000000000000000e-02
3

2.000000000000000e-11

1.693799542880776e-02

2.000000000000000e-02

2.000000000000000e-02

2.000000000000000e-02
4

4.000000000000000e-11

3.700719757707543e-02

4.000000000000000e-02

4.000000000000000e-02

4.000000000000000e-02
5

8.000000000000001e-11

7.665327566089297e-02

8.000000000000000e-02

8.000000000000000e-02

8.000000000000000e-02
6

1.600000000000000e-10

1.555314168085011e-01

1.600000000000000e-01

1.600000000000000e-01

1.600000000000000e-01
7

3.200000000000000e-10

2.619005381730335e-01

3.200000000000000e-01

3.200000000000000e-01

3.200000000000000e-01
8

6.400000000000001e-10

3.221700553452823e-01

6.400000000000000e-01

6.400000000000000e-01

6.400000000000000e-01
9

1.000000000000000e-09

9.945809267079621e-01

1.000000000000000e+00

1.000000000000000e+00

1.000000000000000e+00
10

1.064000000000000e-09

9.998569785136251e-01

1.000000000000000e+00

1.000000000000000e+00

1.000000000000000e+00
11

1.192000000000000e-09

1.000135148864547e+00

1.000000000000000e+00

1.000000000000000e+00

1.000000000000000e+00
12

1.448000000000000e-09

9.998672894212761e-01

1.000000000000000e+00

1.000000000000000e+00

1.000000000000000e+00
13

1.960000000000000e-09

1.000130162353233e+00

1.000000000000000e+00

1.000000000000000e+00

1.000000000000000e+00
14

2.960000000000000e-09

9.998697656744183e-01

1.000000000000000e+00

1.000000000000000e+00

1.000000000000000e+00
15

3.960000000000000e-09

1.000128502189195e+00

1.000000000000000e+00

1.000000000000000e+00

1.000000000000000e+00
16

4.959999999999999e-09

9.998714158999895e-01

1.000000000000000e+00

1.000000000000000e+00

1.000000000000000e+00
17

5.000000000000000e-09

1.000108588922591e+00

1.000000000000000e+00

1.000000000000000e+00

1.000000000000000e+00
18

5.080000000000001e-09

1.000195918491981e+00

1.000000000000000e+00

1.000000000000000e+00

9.199999999999988e-01
19

5.240000000000004e-09

1.000218597346242e+00

1.000000000000000e+00

1.000000000000000e+00

7.599999999999961e-01
20

5.560000000000010e-09

1.000067620738462e+00

1.000000000000000e+00

1.000000000000000e+00

4.399999999999906e-01
21

6.000000000000001e-09

9.996958742752485e-01

1.000000000000000e+00

1.000000000000000e+00

0.000000000000000e+00
22

6.064000000000002e-09

9.999915497958618e-01

1.000000000000000e+00

1.000000000000000e+00

0.000000000000000e+00
23

6.192000000000004e-09

1.000007341531387e+00

1.000000000000000e+00

1.000000000000000e+00

0.000000000000000e+00
24

6.448000000000008e-09

9.999921368730509e-01

1.000000000000000e+00

1.000000000000000e+00

0.000000000000000e+00
25

6.960000000000017e-09

1.000006891390008e+00

1.000000000000000e+00

1.000000000000000e+00

0.000000000000000e+00
26

7.960000000000018e-09

9.999922764862061e-01

1.000000000000000e+00

1.000000000000000e+00

0.000000000000000e+00
27

8.000000000000000e-09

1.000005753802399e+00

1.000000000000000e+00

1.000000000000000e+00

0.000000000000000e+00
28

8.079999999999965e-09

1.000193872259592e+00

1.000000000000000e+00

1.000000000000000e+00

7.999999999996497e-02
29

8.239999999999895e-09

1.000221536945738e+00

1.000000000000000e+00

1.000000000000000e+00

2.399999999998949e-01
30

8.559999999999755e-09

1.000060089745757e+00

1.000000000000000e+00

1.000000000000000e+00

5.599999999997548e-01
31

9.000000000000001e-09

9.996974561016060e-01

1.000000000000000e+00

1.000000000000000e+00

1.000000000000000e+00
32

9.063999999999973e-09

9.999915915049434e-01

1.000000000000000e+00

1.000000000000000e+00

1.000000000000000e+00
33

9.191999999999916e-09

1.000007300172064e+00

1.000000000000000e+00

1.000000000000000e+00

1.000000000000000e+00
34

9.447999999999804e-09

9.999921755146893e-01

1.000000000000000e+00

1.000000000000000e+00

1.000000000000000e+00
35

9.959999999999581e-09

1.000006853229180e+00

1.000000000000000e+00

1.000000000000000e+00

1.000000000000000e+00
36

1.095999999999958e-08

9.999923144047409e-01

1.000000000000000e+00

1.000000000000000e+00

1.000000000000000e+00
37

1.195999999999958e-08

1.000006760078075e+00

1.000000000000000e+00

1.000000000000000e+00

1.000000000000000e+00
38

1.295999999999958e-08

9.999924069643833e-01

1.000000000000000e+00

1.000000000000000e+00

1.000000000000000e+00
39

1.300000000000000e-08

1.000005642764459e+00

1.000000000000000e+00

1.000000000000000e+00

1.000000000000000e+00
40

1.308000000000084e-08

1.000193870052141e+00

1.000000000000000e+00

1.000000000000000e+00

9.199999999991650e-01
41

1.324000000000251e-08

1.000221540204501e+00

1.000000000000000e+00

1.000000000000000e+00

7.599999999974947e-01
42

1.356000000000585e-08

1.000060081629256e+00

1.000000000000000e+00

1.000000000000000e+00

4.399999999941540e-01
43

1.400000000000000e-08

9.996974578080811e-01

1.000000000000000e+00

1.000000000000000e+00

0.000000000000000e+00
44

1.406400000000067e-08

9.999915915499393e-01

1.000000000000000e+00

1.000000000000000e+00

0.000000000000000e+00
45

1.419200000000201e-08

1.000007300127450e+00

1.000000000000000e+00

1.000000000000000e+00

0.000000000000000e+00
46

1.444800000000468e-08

9.999921755563762e-01

1.000000000000000e+00

1.000000000000000e+00

0.000000000000000e+00
47

1.496000000001002e-08

1.000006853188012e+00

1.000000000000000e+00

1.000000000000000e+00

0.000000000000000e+00
48

1.596000000001002e-08

9.999923144456478e-01

1.000000000000000e+00

1.000000000000000e+00

0.000000000000000e+00
49

1.600000000000000e-08

1.000005721498582e+00

1.000000000000000e+00

1.000000000000000e+00

0.000000000000000e+00
50

1.607999999997996e-08

1.000193871617388e+00

1.000000000000000e+00

1.000000000000000e+00

7.999999997996043e-02
51

1.623999999993988e-08

1.000221537893749e+00

1.000000000000000e+00

1.000000000000000e+00

2.399999999398813e-01
52

1.655999999985972e-08

1.000060087385181e+00

1.000000000000000e+00

1.000000000000000e+00

5.599999998597230e-01
53

1.700000000000000e-08

9.996974565979715e-01

1.000000000000000e+00

1.000000000000000e+00

9.999999999999990e-01
54

1.706399999998397e-08

9.999915823641145e-01

9.360000000160320e-01

1.000000000000000e+00

1.000000000000000e+00
55

1.719199999995191e-08

1.000007291174605e+00

8.080000000480940e-01

1.000000000000000e+00

1.000000000000000e+00
56

1.744799999988778e-08

9.999921493505854e-01

5.520000001122213e-01

1.000000000000000e+00

1.000000000000000e+00
57

1.795999999975953e-08

1.000006656337064e+00

4.000000024047574e-02

1.000000000000000e+00

1.000000000000000e+00
58

1.800000000000000e-08

9.999928653512877e-01

0.000000000000000e+00

1.000000000000000e+00

1.000000000000000e+00
59

1.808000000048096e-08

9.999989258893229e-01

0.000000000000000e+00

1.000000000000000e+00

1.000000000000000e+00
60

1.824000000144286e-08

9.999991801625210e-01

0.000000000000000e+00

1.000000000000000e+00

1.000000000000000e+00
61

1.856000000336668e-08

9.999989340679221e-01

0.000000000000000e+00

1.000000000000000e+00

1.000000000000000e+00
62

1.920000000721431e-08

9.999991761842469e-01

0.000000000000000e+00

1.000000000000000e+00

1.000000000000000e+00
63

2.020000000721431e-08

9.999989362118171e-01

0.000000000000000e+00

1.000000000000000e+00

1.000000000000000e+00
64

2.100000000000000e-08

9.999991743195594e-01

0.000000000000000e+00

1.000000000000000e+00

9.999999999999986e-01
65

2.110000000000000e-08

1.000190160728353e+00

0.000000000000000e+00

1.000000000000000e+00

8.999999999999977e-01
66

2.130000000000000e-08

9.981929683992189e-01

0.000000000000000e+00

1.000000000000000e+00

6.999999999999992e-01
67

2.170000000000000e-08

2.397609548556215e-02

0.000000000000000e+00

1.000000000000000e+00

2.999999999999989e-01
68

2.200000000000000e-08

-1.427990114336593e-02

0.000000000000000e+00

1.000000000000000e+00

0.000000000000000e+00
69

2.208000000000000e-08

-4.941597424347647e-04

0.000000000000000e+00

1.000000000000000e+00

0.000000000000000e+00
70

2.224000000000000e-08

4.631990490439555e-04

0.000000000000000e+00

1.000000000000000e+00

0.000000000000000e+00
71

2.256000000000000e-08

-4.421613884905681e-04

0.000000000000000e+00

1.000000000000000e+00

0.000000000000000e+00
72

2.320000000000000e-08

4.383162018235066e-04

0.000000000000000e+00

1.000000000000000e+00

0.000000000000000e+00
73

2.400000000000000e-08

-4.276289525586842e-04

0.000000000000000e+00

1.000000000000000e+00

0.000000000000000e+00
74

2.410000000000000e-08

5.359746409576720e-05

0.000000000000000e+00

1.000000000000000e+00

1.000000000000009e-01
75

2.430000000000000e-08

3.202870915859156e-03

0.000000000000000e+00

1.000000000000000e+00

2.999999999999994e-01
76

2.470000000000000e-08

9.851084961922588e-01

0.000000000000000e+00

1.000000000000000e+00

6.999999999999996e-01
77

2.500000000000000e-08

1.005924264796680e+00

0.000000000000000e+00

1.000000000000000e+00

9.999999999999990e-01
78

2.508000000000000e-08

1.000106084050658e+00

0.000000000000000e+00

1.000000000000000e+00

1.000000000000000e+00
79

2.524000000000000e-08

9.998965237421154e-01

0.000000000000000e+00

1.000000000000000e+00

1.000000000000000e+00
80

2.556000000000000e-08

1.000099540129324e+00

0.000000000000000e+00

1.000000000000000e+00

1.000000000000000e+00
81

2.620000000000000e-08

9.998995557780167e-01

0.000000000000000e+00

1.000000000000000e+00

1.000000000000000e+00
82

2.720000000000000e-08

1.000097905862659e+00

0.000000000000000e+00

1.000000000000000e+00

1.000000000000000e+00
83

2.820000000000000e-08

9.999008214604093e-01

0.000000000000000e+00

1.000000000000000e+00

1.000000000000000e+00
84

2.900000000000000e-08

1.000096492502438e+00

0.000000000000000e+00

1.000000000000000e+00

9.999999999999986e-01
85

2.910000000000001e-08

1.000191765686594e+00

0.000000000000000e+00

1.000000000000000e+00

8.999999999999977e-01
86

2.930000000000000e-08

9.981904213992707e-01

0.000000000000000e+00

1.000000000000000e+00

6.999999999999992e-01
87

2.970000000000000e-08

2.398053117531233e-02

0.000000000000000e+00

1.000000000000000e+00

2.999999999999989e-01
88

3.000000000000000e-08

-1.428281952609038e-02

0.000000000000000e+00

1.000000000000000e+00

0.000000000000000e+00
89

3.008000000000000e-08

7.640424458647922e-02

7.999999999999806e-02

1.000000000000000e+00

0.000000000000000e+00
90

3.024000000000000e-08

2.363150881325467e-01

2.400000000000008e-01

1.000000000000000e+00

0.000000000000000e+00
91

3.056000000000000e-08

5.383726320566997e-01

5.599999999999997e-01

1.000000000000000e+00

0.000000000000000e+00
92

3.100000000000001e-08

9.982014872721920e-01

1.000000000000000e+00

1.000000000000000e+00

0.000000000000000e+00
93

3.106400000000001e-08

9.999521641787348e-01

1.000000000000000e+00

1.000000000000000e+00

0.000000000000000e+00
94

3.119200000000001e-08

1.000044636775562e+00

1.000000000000000e+00

1.000000000000000e+00

0.000000000000000e+00
95

3.144800000000000e-08

9.999555931378269e-01

1.000000000000000e+00

1.000000000000000e+00

0.000000000000000e+00
96

3.196000000000000e-08

1.000042978442773e+00

1.000000000000000e+00

1.000000000000000e+00

0.000000000000000e+00
97

3.200000000000000e-08

9.999625334040271e-01

1.000000000000000e+00

1.000000000000000e+00

0.000000000000000e+00
98

3.208000000000000e-08

1.000192875732498e+00

1.000000000000000e+00

1.000000000000000e+00

7.999999999999806e-02
99

3.224000000000000e-08

1.000223002397501e+00

1.000000000000000e+00

1.000000000000000e+00

2.399999999999942e-01
100

3.255999999999999e-08

1.000056424540148e+00

1.000000000000000e+00

1.000000000000000e+00

5.599999999999864e-01
101

3.300000000000000e-08

9.996982270105178e-01

1.000000000000000e+00

1.000000000000000e+00

1.000000000000000e+00
102

3.306400000000000e-08

9.999916118314963e-01

1.000000000000000e+00

1.000000000000000e+00

1.000000000000000e+00
103

3.319200000000000e-08

1.000007280019178e+00

1.000000000000000e+00

1.000000000000000e+00

1.000000000000000e+00
104

3.344800000000000e-08

9.999921943464389e-01

1.000000000000000e+00

1.000000000000000e+00

1.000000000000000e+00
105

3.395999999999998e-08

1.000006834631749e+00

1.000000000000000e+00

1.000000000000000e+00

1.000000000000000e+00
106

3.495999999999998e-08

9.999923328840908e-01

1.000000000000000e+00

1.000000000000000e+00

1.000000000000000e+00
107

3.595999999999999e-08

1.000006741716986e+00

1.000000000000000e+00

1.000000000000000e+00

1.000000000000000e+00
108

3.695999999999999e-08

9.999924252088856e-01

1.000000000000000e+00

1.000000000000000e+00

1.000000000000000e+00
109

3.700000000000000e-08

1.000005627238222e+00

1.000000000000000e+00

1.000000000000000e+00

1.000000000000000e+00
110

3.708000000000002e-08

1.000193869743480e+00

1.000000000000000e+00

1.000000000000000e+00

9.199999999999773e-01
111

3.724000000000007e-08

1.000221540660181e+00

1.000000000000000e+00

1.000000000000000e+00

7.599999999999283e-01
112

3.756000000000017e-08

1.000060080494387e+00

1.000000000000000e+00

1.000000000000000e+00

4.399999999998301e-01
113

3.800000000000000e-08

9.996974580466880e-01

1.000000000000000e+00

1.000000000000000e+00

0.000000000000000e+00
114

3.806400000000002e-08

9.999915915562311e-01

1.000000000000000e+00

1.000000000000000e+00

0.000000000000000e+00
115

3.819200000000006e-08

1.000007300121213e+00

1.000000000000000e+00

1.000000000000000e+00

0.000000000000000e+00
116

3.844800000000014e-08

9.999921755622052e-01

1.000000000000000e+00

1.000000000000000e+00

0.000000000000000e+00
117

3.896000000000030e-08

1.000006853182256e+00

1.000000000000000e+00

1.000000000000000e+00

0.000000000000000e+00
118

3.996000000000030e-08

9.999923144513674e-01

1.000000000000000e+00

1.000000000000000e+00

0.000000000000000e+00
119

4.000000000000000e-08

1.000005721493715e+00

1.000000000000000e+00

1.000000000000000e+00

0.000000000000000e+00
120

4.007999999999940e-08

1.000193871617296e+00

1.000000000000000e+00

1.000000000000000e+00

7.999999999940249e-02
121

4.023999999999821e-08

1.000221537893915e+00

1.000000000000000e+00

1.000000000000000e+00

2.399999999982075e-01
122

4.055999999999582e-08

1.000060087384149e+00

1.000000000000000e+00

1.000000000000000e+00

5.599999999958175e-01
123

4.100000000000000e-08

9.996974565981304e-01

1.000000000000000e+00

1.000000000000000e+00

1.000000000000000e+00
124

4.106399999999953e-08

9.999915915180360e-01

1.000000000000000e+00

1.000000000000000e+00

1.000000000000000e+00
125

4.119199999999857e-08

1.000007300159083e+00

1.000000000000000e+00

1.000000000000000e+00

1.000000000000000e+00
126

4.144799999999666e-08

9.999921755268186e-01

1.000000000000000e+00

1.000000000000000e+00

1.000000000000000e+00
127

4.195999999999283e-08

1.000006853217202e+00

1.000000000000000e+00

1.000000000000000e+00

1.000000000000000e+00
128

4.295999999999284e-08

9.999923144166433e-01

1.000000000000000e+00

1.000000000000000e+00

1.000000000000000e+00
129

4.300000000000001e-08

1.000005721523264e+00

1.000000000000000e+00

9.999999999999978e-01

1.000000000000000e+00
130

4.308000000001435e-08

9.217896448556792e-01

1.000000000000000e+00

9.199999999856531e-01

1.000000000000000e+00
131

4.324000000004304e-08

7.628326734143398e-01

1.000000000000000e+00

7.599999999569637e-01

1.000000000000000e+00
132

4.356000000010042e-08

4.551654856618524e-01

1.000000000000000e+00

4.399999998995849e-01

1.000000000000000e+00
133

4.400000000000000e-08

3.489605852170134e-03

1.000000000000000e+00

2.067953013690227e-15

1.000000000000000e+00
134

4.406400000001148e-08

1.596983214882284e-04

1.000000000000000e+00

0.000000000000000e+00

1.000000000000000e+00
135

4.419200000003443e-08

-1.416025876502025e-04

1.000000000000000e+00

0.000000000000000e+00

1.000000000000000e+00
136

4.444800000008033e-08

1.392813182342790e-04

1.000000000000000e+00

0.000000000000000e+00

1.000000000000000e+00
137

4.496000000017214e-08

-1.319861428379281e-04

1.000000000000000e+00

0.000000000000000e+00

1.000000000000000e+00
138

4.500000000000000e-08

1.017238937261155e-04

1.000000000000000e+00

0.000000000000000e+00

1.000000000000000e+00
139

4.507999999965572e-08

6.551860056394077e-05

1.000000000000000e+00

0.000000000000000e+00

9.200000003442830e-01
140

4.523999999896716e-08

6.978400250209093e-04

1.000000000000000e+00

0.000000000000000e+00

7.600000010328453e-01
141

4.555999999759003e-08

8.440286839709892e-01

1.000000000000000e+00

0.000000000000000e+00

4.400000024099697e-01
142

4.600000000000000e-08

1.005462684088190e+00

1.000000000000000e+00

0.000000000000000e+00

0.000000000000000e+00
143

4.606399999972458e-08

1.000123079821762e+00

1.000000000000000e+00

0.000000000000000e+00

0.000000000000000e+00
144

4.619199999917373e-08

9.998826622860486e-01

1.000000000000000e+00

0.000000000000000e+00

0.000000000000000e+00
145

4.644799999807203e-08

1.000112564912572e+00

1.000000000000000e+00

0.000000000000000e+00

0.000000000000000e+00
146

4.695999999586863e-08

9.998869367174941e-01

1.000000000000000e+00

0.000000000000000e+00

0.000000000000000e+00
147

4.700000000000000e-08

1.000094444129102e+00

1.000000000000000e+00

0.000000000000000e+00

0.000000000000000e+00
148

4.708000000826276e-08

9.217910740228488e-01

9.199999917372496e-01

0.000000000000000e+00

0.000000000000000e+00
149

4.724000002478826e-08

7.628272560779221e-01

7.599999752117464e-01

0.000000000000000e+00

0.000000000000000e+00
150

4.756000005783926e-08

4.551819029449994e-01

4.399999421607403e-01

0.000000000000000e+00

0.000000000000000e+00
151

4.800000000000000e-08

3.485718511565502e-03

5.376666993572865e-15

0.000000000000000e+00

0.000000000000000e+00
152

4.806400000661020e-08

2.165302919294498e-04

0.000000000000000e+00

0.000000000000000e+00

6.400000661019195e-02
153

4.819200001983060e-08

-1.800051443160321e-04

0.000000000000000e+00

0.000000000000000e+00

1.920000198305957e-01
154

4.844800004627141e-08

1.572375359143935e-04

0.000000000000000e+00

0.000000000000000e+00

4.480000462714033e-01
155

4.896000009915302e-08

-6.989329411263234e-05

0.000000000000000e+00

0.000000000000000e+00

9.600000991530117e-01
156

4.900000000000001e-08

-5.009850315191470e-05

0.000000000000000e+00

0.000000000000000e+00

1.000000000000000e+00
157

4.907999980169399e-08

-8.818174826380558e-07

0.000000000000000e+00

0.000000000000000e+00

1.000000000000000e+00
158

4.923999940508195e-08

2.523560481624974e-06

0.000000000000000e+00

0.000000000000000e+00

1.000000000000000e+00
159

4.955999861185788e-08

-6.951708252295042e-07

0.000000000000000e+00

0.000000000000000e+00

1.000000000000000e+00
160

5.019999702540973e-08

2.444904675288965e-06

0.000000000000000e+00

0.000000000000000e+00

1.000000000000000e+00
161

5.119999702540973e-08

-6.476385489891825e-07

0.000000000000000e+00

0.000000000000000e+00

1.000000000000000e+00
162

5.219999702540973e-08

2.407601283048442e-06

0.000000000000000e+00

0.000000000000000e+00

1.000000000000000e+00
163

5.300000000000000e-08

-6.066480516547393e-07

0.000000000000000e+00

0.000000000000000e+00

1.000000000000000e+00
164

5.310000000000001e-08

4.829917079457880e-05

0.000000000000000e+00

0.000000000000000e+00

9.000000000000010e-01
165

5.330000000000001e-08

-7.099702662440977e-05

0.000000000000000e+00

0.000000000000000e+00

6.999999999999992e-01
166

5.370000000000000e-08

6.904790234731317e-05

0.000000000000000e+00

0.000000000000000e+00

3.000000000000023e-01
167

5.400000000000001e-08

-7.070125167907386e-05

0.000000000000000e+00

0.000000000000000e+00

0.000000000000000e+00
168

5.408000000000001e-08

-1.600479646623842e-06

0.000000000000000e+00

0.000000000000000e+00

0.000000000000000e+00
169

5.424000000000001e-08

3.180388814829121e-06

0.000000000000000e+00

0.000000000000000e+00

0.000000000000000e+00
170

5.456000000000001e-08

-1.337103739518971e-06

0.000000000000000e+00

0.000000000000000e+00

0.000000000000000e+00
171

5.520000000000000e-08

3.075904892906860e-06

0.000000000000000e+00

0.000000000000000e+00

0.000000000000000e+00
172

5.600000000000001e-08

-1.264214760004855e-06

0.000000000000000e+00

0.000000000000000e+00

0.000000000000000e+00
173

5.610000000000001e-08

4.827969509699872e-05

0.000000000000000e+00

0.000000000000000e+00

1.000000000000009e-01
174

5.630000000000001e-08

-7.097401440119871e-05

0.000000000000000e+00

0.000000000000000e+00

3.000000000000027e-01
175

5.670000000000000e-08

6.902579714087566e-05

0.000000000000000e+00

0.000000000000000e+00

6.999999999999996e-01
176

5.700000000000001e-08

-7.068547499978581e-05

0.000000000000000e+00

0.000000000000000e+00

1.000000000000000e+00
177

5.708000000000001e-08

-1.599931363890794e-06

0.000000000000000e+00

0.000000000000000e+00

1.000000000000000e+00
178

5.724000000000001e-08

3.179887825793044e-06

0.000000000000000e+00

0.000000000000000e+00

1.000000000000000e+00
179

5.756000000000001e-08

-1.336612855245197e-06

0.000000000000000e+00

0.000000000000000e+00

1.000000000000000e+00
180

5.820000000000000e-08

3.075422377762487e-06

0.000000000000000e+00

0.000000000000000e+00

1.000000000000000e+00
181

5.920000000000001e-08

-1.270304377809839e-06

0.000000000000000e+00

0.000000000000000e+00

1.000000000000000e+00
182

6.000000000000001e-08

3.017120209160806e-06

0.000000000000000e+00

0.000000000000000e+00

1.000000000000000e+00
183

6.010000000000000e-08

1.060951872339237e-06

9.999999999999427e-02

0.000000000000000e+00

1.000000000000000e+00
184

6.030000000000000e-08

1.010395817458269e-06

2.999999999999960e-01

0.000000000000000e+00

1.000000000000000e+00
185

6.070000000000001e-08

1.389695948602170e-06

6.999999999999996e-01

0.000000000000000e+00

1.000000000000000e+00
186

6.100000000000000e-08

2.007505963030297e-06

9.999999999999957e-01

0.000000000000000e+00

1.000000000000000e+00
187

6.108000000000000e-08

6.171460788732232e-05

1.000000000000000e+00

0.000000000000000e+00

9.200000000000038e-01
188

6.124000000000000e-08

7.013403450771925e-04

1.000000000000000e+00

0.000000000000000e+00

7.600000000000077e-01
189

6.155999999999999e-08

8.440021887276707e-01

1.000000000000000e+00

0.000000000000000e+00

4.400000000000154e-01
190

6.200000000000000e-08

1.005463674045078e+00

1.000000000000000e+00

0.000000000000000e+00

6.203859041070681e-15
191

6.206399999999999e-08

1.000123102637247e+00

1.000000000000000e+00

0.000000000000000e+00

0.000000000000000e+00
192

6.219199999999999e-08

9.998826411688470e-01

1.000000000000000e+00

0.000000000000000e+00

0.000000000000000e+00
193

6.244799999999999e-08

1.000112585510025e+00

1.000000000000000e+00

0.000000000000000e+00

0.000000000000000e+00
194

6.295999999999999e-08

9.998869163686717e-01

1.000000000000000e+00

0.000000000000000e+00

0.000000000000000e+00
195

6.395999999999999e-08

1.000110460669304e+00

1.000000000000000e+00

0.000000000000000e+00

0.000000000000000e+00
196

6.400000000000000e-08

9.999040384064399e-01

1.000000000000000e+00

0.000000000000000e+00

0.000000000000000e+00
197

6.408000000000004e-08

1.000186747883026e+00

1.000000000000000e+00

0.000000000000000e+00

8.000000000003776e-02
198

6.424000000000012e-08

9.998114954756845e-01

1.000000000000000e+00

0.000000000000000e+00

2.400000000001133e-01
199

6.456000000000027e-08

1.667946789129293e-01

1.000000000000000e+00

0.000000000000000e+00

5.600000000002644e-01
200

6.500000000000000e-08

-1.415114724127283e-02

1.000000000000000e+00

0.000000000000000e+00

9.999999999999957e-01
201

6.506400000000003e-08

-6.073979758639457e-04

1.000000000000000e+00

0.000000000000000e+00

1.000000000000000e+00
202

6.519200000000010e-08

5.580509861940119e-04

1.000000000000000e+00

0.000000000000000e+00

1.000000000000000e+00
203

6.544800000000022e-08

-5.285676554076909e-04

1.000000000000000e+00

0.000000000000000e+00

1.000000000000000e+00
204

6.596000000000045e-08

5.207969706341151e-04

1.000000000000000e+00

0.000000000000000e+00

1.000000000000000e+00
205

6.696000000000045e-08

-5.103559214402311e-04

1.000000000000000e+00

0.000000000000000e+00

1.000000000000000e+00
206

6.796000000000044e-08

5.100166408284516e-04

1.000000000000000e+00

0.000000000000000e+00

1.000000000000000e+00
207

6.896000000000044e-08

-4.983608297646824e-04

1.000000000000000e+00

0.000000000000000e+00

1.000000000000000e+00
208

6.900000000000001e-08

3.741306956330148e-04

1.000000000000000e+00

0.000000000000000e+00

9.999999999999952e-01
209

6.907999999999915e-08

7.589670247589091e-05

1.000000000000000e+00

0.000000000000000e+00

9.200000000008575e-01
210

6.923999999999742e-08

6.868101612242963e-04

1.000000000000000e+00

0.000000000000000e+00

7.600000000025818e-01
211

6.955999999999397e-08

8.441003947200075e-01

1.000000000000000e+00

0.000000000000000e+00

4.400000000060307e-01
212

7.000000000000000e-08

1.005460006721465e+00

1.000000000000000e+00

0.000000000000000e+00

0.000000000000000e+00
213

7.006399999999931e-08

1.000123018114768e+00

1.000000000000000e+00

0.000000000000000e+00

0.000000000000000e+00
214

7.019199999999793e-08

9.998827193996258e-01

1.000000000000000e+00

0.000000000000000e+00

0.000000000000000e+00
215

7.044799999999518e-08

1.000112509204772e+00

1.000000000000000e+00

0.000000000000000e+00

0.000000000000000e+00
216

7.095999999998966e-08

9.998869917528216e-01

1.000000000000000e+00

0.000000000000000e+00

0.000000000000000e+00
217

7.195999999998965e-08

1.000110385791151e+00

1.000000000000000e+00

0.000000000000000e+00

0.000000000000000e+00
218

7.200000000000001e-08

9.999041022874058e-01

1.000000000000000e+00

0.000000000000000e+00

0.000000000000000e+00
219

7.208000000002072e-08

1.000186749385507e+00

1.000000000000000e+00

0.000000000000000e+00

8.000000002071067e-02
220

7.224000000006214e-08

9.998114934749639e-01

1.000000000000000e+00

0.000000000000000e+00

2.400000000621320e-01
221

7.256000000014498e-08

1.667947059031843e-01

1.000000000000000e+00

0.000000000000000e+00

5.600000001449746e-01
222

7.300000000000001e-08

-1.415114937989681e-02

1.000000000000000e+00

0.000000000000000e+00

9.999999999999957e-01
223

7.306400000001657e-08

-6.073980678160166e-04

1.000000000000000e+00

0.000000000000000e+00

1.000000000000000e+00
224

7.319200000004971e-08

5.580510701037191e-04

1.000000000000000e+00

0.000000000000000e+00

1.000000000000000e+00
225

7.344800000011599e-08

-5.285677354661128e-04

1.000000000000000e+00

0.000000000000000e+00

1.000000000000000e+00
226

7.396000000024853e-08

5.207970489258456e-04

1.000000000000000e+00

0.000000000000000e+00

1.000000000000000e+00
227

7.496000000024853e-08

-5.103559987528544e-04

1.000000000000000e+00

0.000000000000000e+00

1.000000000000000e+00
228

7.596000000024852e-08

5.100167176726945e-04

1.000000000000000e+00

0.000000000000000e+00

1.000000000000000e+00
229

7.696000000024852e-08

-4.983609052645692e-04

1.000000000000000e+00

0.000000000000000e+00

1.000000000000000e+00
230

7.700000000000001e-08

3.741307510821196e-04

9.999999999999944e-01

0.000000000000000e+00

9.999999999999952e-01
231

7.707999999950300e-08

7.191389873757163e-05

9.200000004970061e-01

0.000000000000000e+00

9.200000004970070e-01
232

7.723999999850898e-08

2.388725911984795e-04

7.600000014910296e-01

0.000000000000000e+00

7.600000014910305e-01
233

7.755999999652093e-08

1.037444087284586e-01

4.400000034790767e-01

0.000000000000000e+00

4.400000034790775e-01
234

7.800000000000001e-08

3.119714343980120e-03

0.000000000000000e+00

0.000000000000000e+00

0.000000000000000e+00
235

7.806399999960240e-08

1.415475489188091e-04

0.000000000000000e+00

0.000000000000000e+00

0.000000000000000e+00
236

7.819199999880718e-08

-1.276331918352924e-04

0.000000000000000e+00

0.000000000000000e+00

0.000000000000000e+00
237

7.844799999721674e-08

1.236234750946059e-04

0.000000000000000e+00

0.000000000000000e+00

0.000000000000000e+00
238

7.895999999403587e-08

-1.190325589854422e-04

0.000000000000000e+00

0.000000000000000e+00

0.000000000000000e+00
239

7.995999999403586e-08

1.196164439562909e-04

0.000000000000000e+00

0.000000000000000e+00

0.000000000000000e+00
240

8.000000000000000e-08

-8.697611636337282e-05

0.000000000000000e+00

0.000000000000000e+00

0.000000000000000e+00
241

8.008000001192828e-08

4.908189234088072e-05

0.000000000000000e+00

8.000001192827337e-02

8.000001192827337e-02
242

8.024000003578482e-08

6.208934476286787e-05

0.000000000000000e+00

2.400000357848201e-01

2.400000357848201e-01
243

8.056000008349792e-08

1.104918135338954e-01

0.000000000000000e+00

5.600000834979136e-01

5.600000834979136e-01
244

8.100000000000000e-08

9.951652154179874e-01

0.000000000000000e+00

9.999999999999957e-01

9.999999999999957e-01
245

8.106400000954261e-08

9.998718272240372e-01

0.000000000000000e+00

1.000000000000000e+00

1.000000000000000e+00
246

8.119200002862785e-08

1.000120044169330e+00

0.000000000000000e+00

1.000000000000000e+00

1.000000000000000e+00
247

8.144800006679833e-08

9.998810307669556e-01

0.000000000000000e+00

1.000000000000000e+00

1.000000000000000e+00
248

8.196000014313928e-08

1.000115593188946e+00

0.000000000000000e+00

1.000000000000000e+00

1.000000000000000e+00
249

8.296000014313927e-08

9.998832411421309e-01

0.000000000000000e+00

1.000000000000000e+00

1.000000000000000e+00
250

8.396000014313927e-08

1.000114111216509e+00

0.000000000000000e+00

1.000000000000000e+00

1.000000000000000e+00
251

8.496000014313927e-08

9.998847141823582e-01

0.000000000000000e+00

1.000000000000000e+00

1.000000000000000e+00
252

8.500000000000001e-08

1.000096335271193e+00

0.000000000000000e+00

1.000000000000000e+00

9.999999999999952e-01
253

8.507999971372149e-08

1.000190923206586e+00

0.000000000000000e+00

1.000000000000000e+00

9.200002862785118e-01
254

8.523999914116446e-08

9.998059544158361e-01

0.000000000000000e+00

1.000000000000000e+00

7.600008588355451e-01
255

8.555999799605039e-08

1.668838831506537e-01

0.000000000000000e+00

1.000000000000000e+00

4.400020039496116e-01
256

8.600000000000000e-08

-1.415673320183989e-02

0.000000000000000e+00

1.000000000000000e+00

0.000000000000000e+00
257

8.606399977097719e-08

-6.076406357253290e-04

0.000000000000000e+00

1.000000000000000e+00

0.000000000000000e+00
258

8.619199931293156e-08

5.582722001264601e-04

0.000000000000000e+00

1.000000000000000e+00

0.000000000000000e+00
259

8.644799839684031e-08

-5.287786114241298e-04

0.000000000000000e+00

1.000000000000000e+00

0.000000000000000e+00
260

8.695999656465780e-08

5.210032202752341e-04

0.000000000000000e+00

1.000000000000000e+00

0.000000000000000e+00
261

8.795999656465780e-08

-5.105595916999997e-04

0.000000000000000e+00

1.000000000000000e+00

0.000000000000000e+00
262

8.800000000000001e-08

3.832115446448237e-04

0.000000000000000e+00

1.000000000000000e+00

0.000000000000000e+00
263

8.808000687068442e-08

7.624237780016422e-05

0.000000000000000e+00

1.000000000000000e+00

8.000687068441660e-02
264

8.824002061205326e-08

6.868240302276012e-04

0.000000000000000e+00

1.000000000000000e+00

2.400206120532498e-01
265

8.856004809479092e-08

8.443875586240210e-01

0.000000000000000e+00

1.000000000000000e+00

5.600480947909162e-01
266

8.900000000000000e-08

1.005463497952855e+00

0.000000000000000e+00

1.000000000000000e+00

9.999999999999957e-01
267

8.906400549654754e-08

1.000123082469233e+00

0.000000000000000e+00

1.000000000000000e+00

1.000000000000000e+00
268

8.919201648964260e-08

9.998826539321601e-01

0.000000000000000e+00

1.000000000000000e+00

1.000000000000000e+00
269

8.944803847583274e-08

1.000112573309212e+00

0.000000000000000e+00

1.000000000000000e+00

1.000000000000000e+00
270

8.996008244821300e-08

9.998869283019554e-01

0.000000000000000e+00

1.000000000000000e+00

1.000000000000000e+00
271

9.000000000000001e-08

1.000094419125185e+00

0.000000000000000e+00

1.000000000000000e+00

1.000000000000000e+00
272

9.007983510357403e-08

1.000001153332315e+00

7.983510357401921e-02

1.000000000000000e+00

1.000000000000000e+00
273

9.023950531072207e-08

9.999978904456869e-01

2.395053107220577e-01

1.000000000000000e+00

1.000000000000000e+00
274

9.055884572501815e-08

1.000001147688382e+00

5.588457250181346e-01

1.000000000000000e+00

1.000000000000000e+00
275

9.100000000000001e-08

9.999979732973459e-01

9.999999999999957e-01

1.000000000000000e+00

1.000000000000000e+00
276

9.106386808285922e-08

9.999995162869533e-01

1.000000000000000e+00

1.000000000000000e+00

1.000000000000000e+00
277

9.119160424857765e-08

9.999996023892087e-01

1.000000000000000e+00

1.000000000000000e+00

1.000000000000000e+00
278

9.144707658001452e-08

9.999995197465218e-01

1.000000000000000e+00

1.000000000000000e+00

1.000000000000000e+00
279

9.195802124288824e-08

9.999996007178187e-01

1.000000000000000e+00

1.000000000000000e+00

1.000000000000000e+00
280

9.295802124288823e-08

9.999995205740407e-01

1.000000000000000e+00

1.000000000000000e+00

1.000000000000000e+00
281

9.300000000000001e-08

9.999995943453094e-01

1.000000000000000e+00

1.000000000000000e+00

9.999999999999952e-01
282

9.308395751422357e-08

1.000194679048510e+00

1.000000000000000e+00

1.000000000000000e+00

9.160424857764387e-01
283

9.325187254267068e-08

1.000226623413062e+00

1.000000000000000e+00

1.000000000000000e+00

7.481274573293256e-01
284

9.358770259956491e-08

9.999416251230970e-01

1.000000000000000e+00

1.000000000000000e+00

4.122974004350994e-01
285

9.400000000000001e-08

9.997167954836648e-01

1.000000000000000e+00

1.000000000000000e+00

0.000000000000000e+00
286

9.406716601137885e-08

9.999924439997375e-01

1.000000000000000e+00

1.000000000000000e+00

0.000000000000000e+00
287

9.420149803413654e-08

1.000006486247470e+00

1.000000000000000e+00

1.000000000000000e+00

0.000000000000000e+00
288

9.447016207965192e-08

9.999929420077972e-01

1.000000000000000e+00

1.000000000000000e+00

0.000000000000000e+00
289

9.500749017068269e-08

1.000006100147543e+00

1.000000000000000e+00

1.000000000000000e+00

0.000000000000000e+00
290

9.600000000000001e-08

9.999930630192044e-01

1.000000000000000e+00

1.000000000000000e+00

0.000000000000000e+00
291

9.610000000000001e-08

1.000198434309700e+00

1.000000000000000e+00

1.000000000000000e+00

9.999999999999427e-02
292

9.630000000000001e-08

1.000254080554778e+00

1.000000000000000e+00

1.000000000000000e+00

2.999999999999960e-01
293

9.670000000000001e-08

9.997533464432981e-01

1.000000000000000e+00

1.000000000000000e+00

6.999999999999996e-01
294

9.700000000000001e-08

9.998046945996260e-01

1.000000000000000e+00

1.000000000000000e+00

9.999999999999957e-01
295

9.708000000000001e-08

9.999954249862709e-01

1.000000000000000e+00

1.000000000000000e+00

1.000000000000000e+00
296

9.724000000000000e-08

1.000003601414456e+00

1.000000000000000e+00

1.000000000000000e+00

1.000000000000000e+00
297

9.755999999999999e-08

9.999956698738239e-01

1.000000000000000e+00

1.000000000000000e+00

1.000000000000000e+00
298

9.819999999999999e-08

1.000003412042869e+00

1.000000000000000e+00

1.000000000000000e+00

1.000000000000000e+00
299

9.919999999999999e-08

9.999957337243749e-01

1.000000000000000e+00

1.000000000000000e+00

1.000000000000000e+00
300

1.000000000000000e-07

1.000003356486779e+00

1.000000000000000e+00

1.000000000000000e+00

1.000000000000000e+00
