Title:
*pass
transistor

Date:
Thu
Nov
18
12:49:21

2010
Plotname:
Transient
Analysis
Flags:
real
No.
Variables:
5
No.
Points:
251





Variables:

0
time
time

1
v(out)
voltage

2
v(in)
voltage

3
v(clk)
voltage

4
v(clk1)
voltage
Values:
0

0.000000000000000e+00

1.106559017557066e-01

0.000000000000000e+00

0.000000000000000e+00

1.000000000000000e+00
1

5.000000000000001e-12

1.108771078753674e-01

5.000000000000000e-03

5.000000000000000e-03

9.950000000000000e-01
2

1.000000000000000e-11

1.111019744121171e-01

1.000000000000000e-02

1.000000000000000e-02

9.900000000000000e-01
3

2.000000000000000e-11

1.115629171764188e-01

2.000000000000000e-02

2.000000000000000e-02

9.800000000000000e-01
4

4.000000000000000e-11

1.125303072943263e-01

4.000000000000000e-02

4.000000000000000e-02

9.600000000000000e-01
5

8.000000000000001e-11

1.146491904217180e-01

8.000000000000000e-02

8.000000000000000e-02

9.200000000000000e-01
6

1.600000000000000e-10

1.196030515434511e-01

1.600000000000000e-01

1.600000000000000e-01

8.400000000000000e-01
7

3.200000000000000e-10

1.328350976317257e-01

3.200000000000000e-01

3.200000000000000e-01

6.799999999999999e-01
8

6.400000000000001e-10

2.826751812140828e-01

6.400000000000000e-01

6.400000000000000e-01

3.600000000000000e-01
9

1.000000000000000e-09

9.958309637060401e-01

1.000000000000000e+00

1.000000000000000e+00

0.000000000000000e+00
10

1.064000000000000e-09

9.999056375294623e-01

1.000000000000000e+00

1.000000000000000e+00

0.000000000000000e+00
11

1.192000000000000e-09

1.000089638716319e+00

1.000000000000000e+00

1.000000000000000e+00

0.000000000000000e+00
12

1.448000000000000e-09

9.999113918501213e-01

1.000000000000000e+00

1.000000000000000e+00

0.000000000000000e+00
13

1.960000000000000e-09

1.000086841360035e+00

1.000000000000000e+00

1.000000000000000e+00

0.000000000000000e+00
14

2.960000000000000e-09

9.999127843678256e-01

1.000000000000000e+00

1.000000000000000e+00

0.000000000000000e+00
15

3.960000000000000e-09

1.000085906248833e+00

1.000000000000000e+00

1.000000000000000e+00

0.000000000000000e+00
16

4.959999999999999e-09

9.999137147069629e-01

1.000000000000000e+00

1.000000000000000e+00

0.000000000000000e+00
17

5.959999999999999e-09

1.000084981154096e+00

1.000000000000000e+00

1.000000000000000e+00

0.000000000000000e+00
18

6.000000000000000e-09

9.999248889184984e-01

1.000000000000000e+00

1.000000000000000e+00

0.000000000000000e+00
19

6.080000000000001e-09

9.215366917829859e-01

9.199999999999988e-01

1.000000000000000e+00

0.000000000000000e+00
20

6.240000000000004e-09

7.626025604286180e-01

7.599999999999961e-01

1.000000000000000e+00

0.000000000000000e+00
21

6.560000000000010e-09

4.430498913070166e-01

4.399999999999906e-01

1.000000000000000e+00

0.000000000000000e+00
22

7.000000000000000e-09

7.634076211487811e-04

4.135689186945957e-16

1.000000000000000e+00

0.000000000000000e+00
23

7.064000000000001e-09

8.849613451389570e-06

0.000000000000000e+00

1.000000000000000e+00

0.000000000000000e+00
24

7.192000000000003e-09

-8.576758987543088e-06

0.000000000000000e+00

1.000000000000000e+00

0.000000000000000e+00
25

7.448000000000007e-09

8.576331278963077e-06

0.000000000000000e+00

1.000000000000000e+00

0.000000000000000e+00
26

7.960000000000016e-09

-8.439760826119516e-06

0.000000000000000e+00

1.000000000000000e+00

0.000000000000000e+00
27

8.960000000000017e-09

8.512158746859624e-06

0.000000000000000e+00

1.000000000000000e+00

0.000000000000000e+00
28

9.960000000000018e-09

-8.394974489858839e-06

0.000000000000000e+00

1.000000000000000e+00

0.000000000000000e+00
29

1.000000000000000e-08

7.938486709871276e-06

0.000000000000000e+00

1.000000000000000e+00

0.000000000000000e+00
30

1.007999999999997e-08

7.928152941184055e-02

7.999999999996497e-02

1.000000000000000e+00

0.000000000000000e+00
31

1.023999999999990e-08

2.390613316776310e-01

2.399999999998949e-01

1.000000000000000e+00

0.000000000000000e+00
32

1.055999999999976e-08

5.477751285543747e-01

5.599999999997548e-01

1.000000000000000e+00

0.000000000000000e+00
33

1.100000000000000e-08

9.983954023704562e-01

1.000000000000000e+00

1.000000000000000e+00

0.000000000000000e+00
34

1.106399999999997e-08

9.999633954969703e-01

1.000000000000000e+00

1.000000000000000e+00

0.000000000000000e+00
35

1.119199999999992e-08

1.000034275538715e+00

1.000000000000000e+00

1.000000000000000e+00

0.000000000000000e+00
36

1.144799999999980e-08

9.999656136290124e-01

1.000000000000000e+00

1.000000000000000e+00

0.000000000000000e+00
37

1.195999999999958e-08

1.000033197303233e+00

1.000000000000000e+00

1.000000000000000e+00

0.000000000000000e+00
38

1.295999999999958e-08

9.999661503687174e-01

1.000000000000000e+00

1.000000000000000e+00

0.000000000000000e+00
39

1.395999999999958e-08

1.000032836809301e+00

1.000000000000000e+00

1.000000000000000e+00

0.000000000000000e+00
40

1.495999999999958e-08

9.999665089644770e-01

1.000000000000000e+00

1.000000000000000e+00

0.000000000000000e+00
41

1.595999999999958e-08

1.000032480176904e+00

1.000000000000000e+00

1.000000000000000e+00

0.000000000000000e+00
42

1.600000000000000e-08

9.999708160746889e-01

9.999999999999993e-01

1.000000000000000e+00

0.000000000000000e+00
43

1.608000000000084e-08

9.215376398382870e-01

9.199999999991609e-01

1.000000000000000e+00

0.000000000000000e+00
44

1.624000000000252e-08

7.626000855643690e-01

7.599999999974839e-01

1.000000000000000e+00

0.000000000000000e+00
45

1.656000000000587e-08

4.430521343847142e-01

4.399999999941300e-01

1.000000000000000e+00

0.000000000000000e+00
46

1.700000000000000e-08

7.630479236416131e-04

4.135689186945957e-16

1.000000000000000e+00

0.000000000000000e+00
47

1.706400000000067e-08

8.845466728430451e-06

0.000000000000000e+00

1.000000000000000e+00

0.000000000000000e+00
48

1.719200000000201e-08

-8.572697796238160e-06

0.000000000000000e+00

1.000000000000000e+00

0.000000000000000e+00
49

1.744800000000470e-08

8.572312465245903e-06

0.000000000000000e+00

1.000000000000000e+00

0.000000000000000e+00
50

1.796000000001006e-08

-8.435762839624110e-06

0.000000000000000e+00

1.000000000000000e+00

0.000000000000000e+00
51

1.896000000001006e-08

8.508169756641289e-06

0.000000000000000e+00

1.000000000000000e+00

0.000000000000000e+00
52

1.996000000001006e-08

-8.390998350907470e-06

0.000000000000000e+00

1.000000000000000e+00

0.000000000000000e+00
53

2.000000000000000e-08

7.934768206801424e-06

0.000000000000000e+00

1.000000000000000e+00

0.000000000000000e+00
54

2.007999999997988e-08

7.912583001893703e-02

7.999999997988103e-02

9.200000000201201e-01

7.999999997988000e-02
55

2.023999999993964e-08

2.365121295559097e-01

2.399999999396431e-01

7.600000000603579e-01

2.399999999396421e-01
56

2.055999999985917e-08

4.172951064519269e-01

5.599999998591673e-01

4.400000001408338e-01

5.599999998591662e-01
57

2.100000000000000e-08

4.094722836650067e-01

9.999999999999990e-01

2.067953013690227e-15

9.999999999999979e-01
58

2.106399999998391e-08

4.094783327741028e-01

1.000000000000000e+00

0.000000000000000e+00

1.000000000000000e+00
59

2.119199999995171e-08

4.094903568168638e-01

1.000000000000000e+00

0.000000000000000e+00

1.000000000000000e+00
60

2.144799999988733e-08

4.095144029729578e-01

1.000000000000000e+00

0.000000000000000e+00

1.000000000000000e+00
61

2.195999999975857e-08

4.095624872619490e-01

1.000000000000000e+00

0.000000000000000e+00

1.000000000000000e+00
62

2.295999999975857e-08

4.096563710533125e-01

1.000000000000000e+00

0.000000000000000e+00

1.000000000000000e+00
63

2.395999999975857e-08

4.097502140780865e-01

1.000000000000000e+00

0.000000000000000e+00

1.000000000000000e+00
64

2.495999999975857e-08

4.098440163656761e-01

1.000000000000000e+00

0.000000000000000e+00

1.000000000000000e+00
65

2.595999999975857e-08

4.099377779446147e-01

1.000000000000000e+00

0.000000000000000e+00

1.000000000000000e+00
66

2.600000000000000e-08

4.099415275614786e-01

9.999999999999993e-01

0.000000000000000e+00

1.000000000000000e+00
67

2.608000000048287e-08

4.099462957591126e-01

9.199999995171330e-01

0.000000000000000e+00

1.000000000000000e+00
68

2.624000000144860e-08

4.099557677132829e-01

7.599999985514002e-01

0.000000000000000e+00

1.000000000000000e+00
69

2.656000000338007e-08

4.099744448813289e-01

4.399999966199346e-01

0.000000000000000e+00

1.000000000000000e+00
70

2.700000000000000e-08

4.098973325657835e-01

4.135689186945957e-16

0.000000000000000e+00

1.000000000000000e+00
71

2.706400000038629e-08

4.098711972620933e-01

0.000000000000000e+00

0.000000000000000e+00

1.000000000000000e+00
72

2.719200000115888e-08

4.098188672703050e-01

0.000000000000000e+00

0.000000000000000e+00

1.000000000000000e+00
73

2.744800000270405e-08

4.097142426903426e-01

0.000000000000000e+00

0.000000000000000e+00

1.000000000000000e+00
74

2.796000000579440e-08

4.095051075828149e-01

0.000000000000000e+00

0.000000000000000e+00

1.000000000000000e+00
75

2.896000000579440e-08

4.090970786374844e-01

0.000000000000000e+00

0.000000000000000e+00

1.000000000000000e+00
76

2.996000000579440e-08

4.086896283601351e-01

0.000000000000000e+00

0.000000000000000e+00

1.000000000000000e+00
77

3.000000000000000e-08

4.086733423760184e-01

0.000000000000000e+00

0.000000000000000e+00

1.000000000000000e+00
78

3.007999998841121e-08

4.086760925747953e-01

7.999998841121092e-02

0.000000000000000e+00

1.000000000000000e+00
79

3.023999996523364e-08

4.086835078645338e-01

2.399999652336328e-01

0.000000000000000e+00

1.000000000000000e+00
80

3.055999991887848e-08

4.087023104089593e-01

5.599999188784764e-01

0.000000000000000e+00

1.000000000000000e+00
81

3.100000000000001e-08

4.087359814841113e-01

1.000000000000000e+00

0.000000000000000e+00

1.000000000000000e+00
82

3.106399999072897e-08

4.087419809287039e-01

1.000000000000000e+00

0.000000000000000e+00

1.000000000000000e+00
83

3.119199997218691e-08

4.087540459736321e-01

1.000000000000000e+00

0.000000000000000e+00

1.000000000000000e+00
84

3.144799993510279e-08

4.087781741150050e-01

1.000000000000000e+00

0.000000000000000e+00

1.000000000000000e+00
85

3.195999986093454e-08

4.088264223285424e-01

1.000000000000000e+00

0.000000000000000e+00

1.000000000000000e+00
86

3.295999986093454e-08

4.089206261273584e-01

1.000000000000000e+00

0.000000000000000e+00

1.000000000000000e+00
87

3.395999986093454e-08

4.090147889309346e-01

1.000000000000000e+00

0.000000000000000e+00

1.000000000000000e+00
88

3.495999986093454e-08

4.091089107704396e-01

1.000000000000000e+00

0.000000000000000e+00

1.000000000000000e+00
89

3.595999986093455e-08

4.092029916731338e-01

1.000000000000000e+00

0.000000000000000e+00

1.000000000000000e+00
90

3.600000000000000e-08

4.092067540716730e-01

9.999999999999993e-01

0.000000000000000e+00

1.000000000000000e+00
91

3.608000027813092e-08

4.092115421661378e-01

9.199997218690833e-01

0.000000000000000e+00

1.000000000000000e+00
92

3.624000083439275e-08

4.092210536310474e-01

7.599991656072512e-01

0.000000000000000e+00

1.000000000000000e+00
93

3.656000194691642e-08

4.092398092533889e-01

4.399980530835870e-01

0.000000000000000e+00

1.000000000000000e+00
94

3.700000000000001e-08

4.091629805295453e-01

0.000000000000000e+00

0.000000000000000e+00

1.000000000000000e+00
95

3.706400022250474e-08

4.091369118401501e-01

0.000000000000000e+00

0.000000000000000e+00

1.000000000000000e+00
96

3.719200066751421e-08

4.090847150749368e-01

0.000000000000000e+00

0.000000000000000e+00

1.000000000000000e+00
97

3.744800155753314e-08

4.089803568852433e-01

0.000000000000000e+00

0.000000000000000e+00

1.000000000000000e+00
98

3.796000333757100e-08

4.087717541949058e-01

0.000000000000000e+00

0.000000000000000e+00

1.000000000000000e+00
99

3.800000000000000e-08

4.087554649071944e-01

0.000000000000000e+00

0.000000000000000e+00

1.000000000000000e+00
100

3.807999332485801e-08

4.091413735816347e-01

0.000000000000000e+00

7.999332485800584e-02

9.200066751419942e-01
101

3.823997997457402e-08

3.927604931782410e-01

0.000000000000000e+00

2.399799745740175e-01

7.600200254259825e-01
102

3.855995327400604e-08

2.986231946992754e-03

0.000000000000000e+00

5.599532740060409e-01

4.400467259939592e-01
103

3.900000000000001e-08

-1.066778131141780e-03

0.000000000000000e+00

1.000000000000000e+00

0.000000000000000e+00
104

3.906399465988641e-08

-9.835811394318426e-06

0.000000000000000e+00

1.000000000000000e+00

0.000000000000000e+00
105

3.919198397965922e-08

9.720631827542529e-06

0.000000000000000e+00

1.000000000000000e+00

0.000000000000000e+00
106

3.944796261920484e-08

-9.529686100244529e-06

0.000000000000000e+00

1.000000000000000e+00

0.000000000000000e+00
107

3.995991989829608e-08

9.569205547213476e-06

0.000000000000000e+00

1.000000000000000e+00

0.000000000000000e+00
108

4.000000000000000e-08

-8.858452104826457e-06

0.000000000000000e+00

1.000000000000000e+00

0.000000000000000e+00
109

4.008016020340785e-08

7.944145673505497e-02

8.016020340785128e-02

1.000000000000000e+00

0.000000000000000e+00
110

4.024048061022355e-08

2.395410603476801e-01

2.404806102235538e-01

1.000000000000000e+00

0.000000000000000e+00
111

4.056112142385496e-08

5.489202348136234e-01

5.611214238549589e-01

1.000000000000000e+00

0.000000000000000e+00
112

4.100000000000000e-08

9.983947167539885e-01

1.000000000000000e+00

1.000000000000000e+00

0.000000000000000e+00
113

4.106412816272628e-08

9.999634507720118e-01

1.000000000000000e+00

1.000000000000000e+00

0.000000000000000e+00
114

4.119238448817884e-08

1.000034225479566e+00

1.000000000000000e+00

1.000000000000000e+00

0.000000000000000e+00
115

4.144889713908397e-08

9.999656612273966e-01

1.000000000000000e+00

1.000000000000000e+00

0.000000000000000e+00
116

4.196192244089422e-08

1.000033150915215e+00

1.000000000000000e+00

1.000000000000000e+00

0.000000000000000e+00
117

4.296192244089422e-08

9.999661965125014e-01

1.000000000000000e+00

1.000000000000000e+00

0.000000000000000e+00
118

4.396192244089422e-08

1.000032790918184e+00

1.000000000000000e+00

1.000000000000000e+00

0.000000000000000e+00
119

4.496192244089423e-08

9.999665546139271e-01

1.000000000000000e+00

1.000000000000000e+00

0.000000000000000e+00
120

4.596192244089423e-08

1.000032434777364e+00

1.000000000000000e+00

1.000000000000000e+00

0.000000000000000e+00
121

4.600000000000000e-08

9.999710489739669e-01

9.999999999999993e-01

1.000000000000000e+00

0.000000000000000e+00
122

4.607615511821155e-08

9.253692185465586e-01

9.238448817884519e-01

1.000000000000000e+00

0.000000000000000e+00
123

4.622846535463464e-08

7.740076190688974e-01

7.715346453653570e-01

1.000000000000000e+00

0.000000000000000e+00
124

4.653308582748083e-08

4.715846063007142e-01

4.669141725191671e-01

1.000000000000000e+00

0.000000000000000e+00
125

4.700000000000000e-08

7.626292843896433e-04

0.000000000000000e+00

1.000000000000000e+00

0.000000000000000e+00
126

4.706092409456924e-08

9.279589047821961e-06

0.000000000000000e+00

1.000000000000000e+00

0.000000000000000e+00
127

4.718277228370772e-08

-8.987978448693541e-06

0.000000000000000e+00

1.000000000000000e+00

0.000000000000000e+00
128

4.742646866198467e-08

8.978521841234576e-06

0.000000000000000e+00

1.000000000000000e+00

0.000000000000000e+00
129

4.791386141853857e-08

-8.837257043579342e-06

0.000000000000000e+00

1.000000000000000e+00

0.000000000000000e+00
130

4.888864693164638e-08

8.908498224461143e-06

0.000000000000000e+00

1.000000000000000e+00

0.000000000000000e+00
131

4.988864693164638e-08

-8.789971244332442e-06

0.000000000000000e+00

1.000000000000000e+00

0.000000000000000e+00
132

5.000000000000000e-08

8.670247740455315e-06

0.000000000000000e+00

1.000000000000000e+00

0.000000000000000e+00
133

5.010000000000000e-08

9.926507355174939e-02

1.000000000000009e-01

1.000000000000000e+00

0.000000000000000e+00
134

5.030000000000000e-08

2.988706834333034e-01

3.000000000000027e-01

1.000000000000000e+00

0.000000000000000e+00
135

5.070000000000000e-08

6.967678416588701e-01

6.999999999999996e-01

1.000000000000000e+00

0.000000000000000e+00
136

5.100000000000000e-08

9.984564425604181e-01

1.000000000000000e+00

1.000000000000000e+00

0.000000000000000e+00
137

5.108000000000000e-08

9.999716185934289e-01

1.000000000000000e+00

1.000000000000000e+00

0.000000000000000e+00
138

5.124000000000000e-08

1.000026630798210e+00

1.000000000000000e+00

1.000000000000000e+00

0.000000000000000e+00
139

5.156000000000000e-08

9.999729884805829e-01

1.000000000000000e+00

1.000000000000000e+00

0.000000000000000e+00
140

5.220000000000000e-08

1.000025955891317e+00

1.000000000000000e+00

1.000000000000000e+00

0.000000000000000e+00
141

5.320000000000000e-08

9.999733535753332e-01

1.000000000000000e+00

1.000000000000000e+00

0.000000000000000e+00
142

5.420000000000000e-08

1.000025672966142e+00

1.000000000000000e+00

1.000000000000000e+00

0.000000000000000e+00
143

5.520000000000000e-08

9.999736350045763e-01

1.000000000000000e+00

1.000000000000000e+00

0.000000000000000e+00
144

5.600000000000000e-08

1.000025358275408e+00

9.999999999999993e-01

1.000000000000000e+00

0.000000000000000e+00
145

5.610000000000000e-08

9.016114380344148e-01

8.999999999999985e-01

1.000000000000000e+00

0.000000000000000e+00
146

5.630000000000000e-08

7.036143559078164e-01

6.999999999999967e-01

1.000000000000000e+00

0.000000000000000e+00
147

5.670000000000000e-08

3.008917313050667e-01

2.999999999999998e-01

1.000000000000000e+00

0.000000000000000e+00
148

5.700000000000000e-08

7.446642804520016e-04

0.000000000000000e+00

1.000000000000000e+00

0.000000000000000e+00
149

5.708000000000000e-08

6.930858481354684e-06

0.000000000000000e+00

1.000000000000000e+00

0.000000000000000e+00
150

5.724000000000000e-08

-6.727158787023814e-06

0.000000000000000e+00

1.000000000000000e+00

0.000000000000000e+00
151

5.756000000000000e-08

6.760128022952258e-06

0.000000000000000e+00

1.000000000000000e+00

0.000000000000000e+00
152

5.800000000000000e-08

-6.626051329925787e-06

0.000000000000000e+00

1.000000000000000e+00

0.000000000000000e+00
153

5.806400000000000e-08

-1.032709867002260e-04

0.000000000000000e+00

9.360000000000013e-01

6.399999999999874e-02
154

5.819200000000000e-08

-1.326455764661303e-04

0.000000000000000e+00

8.080000000000017e-01

1.919999999999983e-01
155

5.844800000000000e-08

-2.560122842671088e-04

0.000000000000000e+00

5.520000000000026e-01

4.479999999999974e-01
156

5.896000000000000e-08

-1.026672611393186e-03

0.000000000000000e+00

4.000000000000441e-02

9.599999999999956e-01
157

5.900000000000001e-08

-3.703580151798061e-03

0.000000000000000e+00

0.000000000000000e+00

1.000000000000000e+00
158

5.908000000000002e-08

-3.674652886247017e-03

0.000000000000000e+00

0.000000000000000e+00

1.000000000000000e+00
159

5.924000000000004e-08

-3.616905795436071e-03

0.000000000000000e+00

0.000000000000000e+00

1.000000000000000e+00
160

5.956000000000008e-08

-3.501590586115829e-03

0.000000000000000e+00

0.000000000000000e+00

1.000000000000000e+00
161

5.999999999999999e-08

-3.343563919384815e-03

0.000000000000000e+00

0.000000000000000e+00

1.000000000000000e+00
162

6.006400000000000e-08

-3.308693863890532e-03

6.399999999999316e-02

0.000000000000000e+00

1.000000000000000e+00
163

6.019200000000001e-08

-3.233409879544311e-03

1.920000000000059e-01

0.000000000000000e+00

1.000000000000000e+00
164

6.044800000000005e-08

-3.041568508237589e-03

4.480000000000448e-01

0.000000000000000e+00

1.000000000000000e+00
165

6.096000000000013e-08

-2.303037528734707e-03

9.600000000001223e-01

0.000000000000000e+00

1.000000000000000e+00
166

6.100000000000000e-08

-2.217380422367839e-03

9.999999999999957e-01

0.000000000000000e+00

1.000000000000000e+00
167

6.107999999999975e-08

-2.037241313911492e-03

1.000000000000000e+00

0.000000000000000e+00

1.000000000000000e+00
168

6.123999999999924e-08

-1.678733437687840e-03

1.000000000000000e+00

0.000000000000000e+00

1.000000000000000e+00
169

6.155999999999823e-08

-9.726803480994023e-04

1.000000000000000e+00

0.000000000000000e+00

1.000000000000000e+00
170

6.219999999999620e-08

3.976359525303398e-04

1.000000000000000e+00

0.000000000000000e+00

1.000000000000000e+00
171

6.319999999999620e-08

2.436469498848941e-03

1.000000000000000e+00

0.000000000000000e+00

1.000000000000000e+00
172

6.419999999999619e-08

4.362900665702971e-03

1.000000000000000e+00

0.000000000000000e+00

1.000000000000000e+00
173

6.519999999999619e-08

6.189841169121998e-03

1.000000000000000e+00

0.000000000000000e+00

1.000000000000000e+00
174

6.600000000000001e-08

7.586861469975088e-03

9.999999999999993e-01

0.000000000000000e+00

1.000000000000000e+00
175

6.610000000000000e-08

7.720257867572580e-03

9.000000000000051e-01

0.000000000000000e+00

1.000000000000000e+00
176

6.630000000000000e-08

7.949383272382265e-03

7.000000000000033e-01

0.000000000000000e+00

1.000000000000000e+00
177

6.670000000000001e-08

8.255509648922511e-03

2.999999999999998e-01

0.000000000000000e+00

1.000000000000000e+00
178

6.700000000000000e-08

8.382233710857511e-03

3.722337108685858e-15

0.000000000000000e+00

1.000000000000000e+00
179

6.708000000000000e-08

8.403923036584122e-03

0.000000000000000e+00

0.000000000000000e+00

1.000000000000000e+00
180

6.724000000000000e-08

8.447237449974254e-03

0.000000000000000e+00

0.000000000000000e+00

1.000000000000000e+00
181

6.755999999999999e-08

8.533783403643247e-03

0.000000000000000e+00

0.000000000000000e+00

1.000000000000000e+00
182

6.819999999999999e-08

8.706341622546087e-03

0.000000000000000e+00

0.000000000000000e+00

1.000000000000000e+00
183

6.919999999999998e-08

8.974551192953917e-03

0.000000000000000e+00

0.000000000000000e+00

1.000000000000000e+00
184

7.000000000000000e-08

9.187889752719688e-03

0.000000000000000e+00

0.000000000000000e+00

1.000000000000000e+00
185

7.010000000000000e-08

9.234863984154922e-03

9.999999999999427e-02

0.000000000000000e+00

1.000000000000000e+00
186

7.030000000000000e-08

9.338082739005259e-03

2.999999999999960e-01

0.000000000000000e+00

1.000000000000000e+00
187

7.070000000000000e-08

9.634174496878397e-03

6.999999999999996e-01

0.000000000000000e+00

1.000000000000000e+00
188

7.100000000000000e-08

1.001217378283931e-02

9.999999999999957e-01

0.000000000000000e+00

1.000000000000000e+00
189

7.108000000000000e-08

1.013985768142528e-02

1.000000000000000e+00

0.000000000000000e+00

1.000000000000000e+00
190

7.123999999999999e-08

1.039444428188908e-02

1.000000000000000e+00

0.000000000000000e+00

1.000000000000000e+00
191

7.155999999999999e-08

1.089848569136168e-02

1.000000000000000e+00

0.000000000000000e+00

1.000000000000000e+00
192

7.219999999999998e-08

1.188658894167732e-02

1.000000000000000e+00

0.000000000000000e+00

1.000000000000000e+00
193

7.319999999999998e-08

1.338032328157153e-02

1.000000000000000e+00

0.000000000000000e+00

1.000000000000000e+00
194

7.419999999999998e-08

1.481722001366619e-02

1.000000000000000e+00

0.000000000000000e+00

1.000000000000000e+00
195

7.519999999999997e-08

1.620203896450389e-02

1.000000000000000e+00

0.000000000000000e+00

1.000000000000000e+00
196

7.600000000000001e-08

1.727513870715246e-02

9.999999999999993e-01

0.000000000000000e+00

1.000000000000000e+00
197

7.610000000000000e-08

2.485089792419899e-02

9.000000000000051e-01

9.999999999999427e-02

9.000000000000057e-01
198

7.630000000000000e-08

6.436503045059128e-02

7.000000000000033e-01

2.999999999999960e-01

7.000000000000040e-01
199

7.670000000000001e-08

2.831542798632147e-01

2.999999999999998e-01

6.999999999999996e-01

3.000000000000004e-01
200

7.700000000000000e-08

1.768474908384402e-03

3.722337108685858e-15

9.999999999999957e-01

4.342717591782064e-15
201

7.708000000000000e-08

1.627470149103745e-05

0.000000000000000e+00

1.000000000000000e+00

0.000000000000000e+00
202

7.724000000000000e-08

-1.603432530500360e-05

0.000000000000000e+00

1.000000000000000e+00

0.000000000000000e+00
203

7.755999999999999e-08

1.598957591823466e-05

0.000000000000000e+00

1.000000000000000e+00

0.000000000000000e+00
204

7.819999999999999e-08

-1.583514668422591e-05

0.000000000000000e+00

1.000000000000000e+00

0.000000000000000e+00
205

7.919999999999998e-08

1.588684755091794e-05

0.000000000000000e+00

1.000000000000000e+00

0.000000000000000e+00
206

8.000000000000000e-08

-1.573429122621750e-05

0.000000000000000e+00

1.000000000000000e+00

0.000000000000000e+00
207

8.010000000000000e-08

9.926490086918499e-02

9.999999999999427e-02

1.000000000000000e+00

0.000000000000000e+00
208

8.030000000000000e-08

2.988710639315671e-01

2.999999999999960e-01

1.000000000000000e+00

0.000000000000000e+00
209

8.070000000000000e-08

6.967670078605541e-01

6.999999999999996e-01

1.000000000000000e+00

0.000000000000000e+00
210

8.100000000000000e-08

9.984567522373458e-01

9.999999999999957e-01

1.000000000000000e+00

0.000000000000000e+00
211

8.108000000000000e-08

9.999716241927397e-01

1.000000000000000e+00

1.000000000000000e+00

0.000000000000000e+00
212

8.123999999999999e-08

1.000026625373496e+00

1.000000000000000e+00

1.000000000000000e+00

0.000000000000000e+00
213

8.155999999999998e-08

9.999729938152856e-01

1.000000000000000e+00

1.000000000000000e+00

0.000000000000000e+00
214

8.219999999999998e-08

1.000025950601771e+00

1.000000000000000e+00

1.000000000000000e+00

0.000000000000000e+00
215

8.319999999999998e-08

9.999733588369134e-01

1.000000000000000e+00

1.000000000000000e+00

0.000000000000000e+00
216

8.419999999999997e-08

1.000025667733256e+00

1.000000000000000e+00

1.000000000000000e+00

0.000000000000000e+00
217

8.519999999999997e-08

9.999736402097905e-01

1.000000000000000e+00

1.000000000000000e+00

0.000000000000000e+00
218

8.600000000000000e-08

1.000025353105545e+00

9.999999999999993e-01

1.000000000000000e+00

0.000000000000000e+00
219

8.610000000000000e-08

9.016114379605913e-01

9.000000000000051e-01

1.000000000000000e+00

0.000000000000000e+00
220

8.630000000000000e-08

7.036143561653353e-01

7.000000000000033e-01

1.000000000000000e+00

0.000000000000000e+00
221

8.670000000000000e-08

3.008917312209686e-01

2.999999999999998e-01

1.000000000000000e+00

0.000000000000000e+00
222

8.700000000000000e-08

7.446643073107090e-04

3.722337108685858e-15

1.000000000000000e+00

0.000000000000000e+00
223

8.708000000000000e-08

6.930858729565930e-06

0.000000000000000e+00

1.000000000000000e+00

0.000000000000000e+00
224

8.723999999999999e-08

-6.727159031200361e-06

0.000000000000000e+00

1.000000000000000e+00

0.000000000000000e+00
225

8.755999999999998e-08

6.760128265122612e-06

0.000000000000000e+00

1.000000000000000e+00

0.000000000000000e+00
226

8.819999999999998e-08

-6.640889188348590e-06

0.000000000000000e+00

1.000000000000000e+00

0.000000000000000e+00
227

8.919999999999998e-08

6.716338423352285e-06

0.000000000000000e+00

1.000000000000000e+00

0.000000000000000e+00
228

9.000000000000000e-08

-6.599982670180053e-06

0.000000000000000e+00

1.000000000000000e+00

0.000000000000000e+00
229

9.009999999999999e-08

9.926496022308706e-02

9.999999999999427e-02

1.000000000000000e+00

0.000000000000000e+00
230

9.029999999999999e-08

2.988709299612474e-01

2.999999999999960e-01

1.000000000000000e+00

0.000000000000000e+00
231

9.070000000000000e-08

6.967672943281545e-01

6.999999999999996e-01

1.000000000000000e+00

0.000000000000000e+00
232

9.099999999999999e-08

9.984566457989460e-01

9.999999999999957e-01

1.000000000000000e+00

0.000000000000000e+00
233

9.107999999999999e-08

9.999716222682017e-01

1.000000000000000e+00

1.000000000000000e+00

0.000000000000000e+00
234

9.123999999999999e-08

1.000026627238022e+00

1.000000000000000e+00

1.000000000000000e+00

0.000000000000000e+00
235

9.155999999999998e-08

9.999729919816972e-01

1.000000000000000e+00

1.000000000000000e+00

0.000000000000000e+00
236

9.219999999999998e-08

1.000025952419839e+00

1.000000000000000e+00

1.000000000000000e+00

0.000000000000000e+00
237

9.319999999999997e-08

9.999733570284584e-01

1.000000000000000e+00

1.000000000000000e+00

0.000000000000000e+00
238

9.419999999999997e-08

1.000025669531849e+00

1.000000000000000e+00

1.000000000000000e+00

0.000000000000000e+00
239

9.519999999999997e-08

9.999736384207086e-01

1.000000000000000e+00

1.000000000000000e+00

0.000000000000000e+00
240

9.600000000000000e-08

1.000025354882477e+00

9.999999999999993e-01

1.000000000000000e+00

0.000000000000000e+00
241

9.609999999999999e-08

9.022638697918596e-01

9.000000000000051e-01

9.000000000000133e-01

9.999999999998661e-02
242

9.630000000000000e-08

7.602170246865425e-01

7.000000000000033e-01

7.000000000000116e-01

2.999999999999884e-01
243

9.670000000000000e-08

6.860366745327467e-01

2.999999999999998e-01

3.000000000000080e-01

6.999999999999920e-01
244

9.700000000000000e-08

6.948827221041473e-01

3.722337108685858e-15

1.199409495333814e-14

9.999999999999880e-01
245

9.707999999999999e-08

6.948109709975856e-01

0.000000000000000e+00

0.000000000000000e+00

1.000000000000000e+00
246

9.723999999999999e-08

6.946674196084149e-01

0.000000000000000e+00

0.000000000000000e+00

1.000000000000000e+00
247

9.755999999999998e-08

6.943804604517623e-01

0.000000000000000e+00

0.000000000000000e+00

1.000000000000000e+00
248

9.819999999999998e-08

6.938071261615062e-01

0.000000000000000e+00

0.000000000000000e+00

1.000000000000000e+00
249

9.919999999999998e-08

6.929128464755827e-01

0.000000000000000e+00

0.000000000000000e+00

1.000000000000000e+00
250

1.000000000000000e-07

6.921987846815489e-01

0.000000000000000e+00

0.000000000000000e+00

1.000000000000000e+00
