Title:
*d
latch
positive
edge
Date:
Thu
Nov
24
14:43:21

2011
Plotname:
Transient
Analysis
Flags:
real
No.
Variables:
4
No.
Points:
299





Variables:

0
time
time

1
v(q1)
voltage

2
v(in1)
voltage

3
v(clk)
voltage
Values:
0

0.000000000000000e+00

5.717787279365987e-01

0.000000000000000e+00

0.000000000000000e+00
1

5.000000000000001e-12

5.717750402922912e-01

5.000000000000000e-03

5.000000000000000e-03
2

1.000000000000000e-11

5.717676608570054e-01

1.000000000000000e-02

1.000000000000000e-02
3

2.000000000000000e-11

5.717465798794497e-01

2.000000000000000e-02

2.000000000000000e-02
4

4.000000000000000e-11

5.716730408672923e-01

4.000000000000000e-02

4.000000000000000e-02
5

8.000000000000001e-11

5.714235850404402e-01

8.000000000000000e-02

8.000000000000000e-02
6

1.600000000000000e-10

5.705009412185806e-01

1.600000000000000e-01

1.600000000000000e-01
7

3.200000000000000e-10

5.670386717449236e-01

3.200000000000000e-01

3.200000000000000e-01
8

6.400000000000001e-10

5.585556951262907e-01

6.400000000000000e-01

6.400000000000000e-01
9

1.000000000000000e-09

3.993077432800726e-01

1.000000000000000e+00

1.000000000000000e+00
10

1.064000000000000e-09

3.462995809336960e-01

1.000000000000000e+00

1.000000000000000e+00
11

1.192000000000000e-09

2.489418586227093e-01

1.000000000000000e+00

1.000000000000000e+00
12

1.448000000000000e-09

1.124083090104186e-01

1.000000000000000e+00

1.000000000000000e+00
13

1.817961865306001e-09

2.568867986561722e-02

1.000000000000000e+00

1.000000000000000e+00
14

2.097190207017367e-09

8.172742780519228e-03

1.000000000000000e+00

1.000000000000000e+00
15

2.454644322608595e-09

1.616647537105637e-03

1.000000000000000e+00

1.000000000000000e+00
16

2.803191094393769e-09

3.442040823529214e-04

1.000000000000000e+00

1.000000000000000e+00
17

3.499937806241019e-09

-2.707717899484289e-05

1.000000000000000e+00

1.000000000000000e+00
18

4.473975087070970e-09

3.071871399512519e-05

1.000000000000000e+00

1.000000000000000e+00
19

5.473975087070970e-09

1.384519795691179e-05

1.000000000000000e+00

1.000000000000000e+00
20

6.000000000000000e-09

1.735639940697097e-05

1.000000000000000e+00

1.000000000000000e+00
21

6.100000000000000e-09

1.766299653156658e-05

1.000000000000000e+00

9.000000000000001e-01
22

6.300000000000000e-09

1.837655284151886e-05

1.000000000000000e+00

7.000000000000001e-01
23

6.700000000000000e-09

1.089068380247746e-04

1.000000000000000e+00

2.999999999999998e-01
24

7.000000000000000e-09

3.904816761832782e-05

1.000000000000000e+00

4.135689186945957e-16
25

7.080000000000000e-09

3.109000089925493e-05

1.000000000000000e+00

0.000000000000000e+00
26

7.240000000000000e-09

1.983784865713515e-05

1.000000000000000e+00

0.000000000000000e+00
27

7.560000000000000e-09

8.768176782008514e-06

1.000000000000000e+00

0.000000000000000e+00
28

8.199999999999999e-09

4.848152340776763e-06

1.000000000000000e+00

0.000000000000000e+00
29

9.200000000000000e-09

5.486766752182768e-06

1.000000000000000e+00

0.000000000000000e+00
30

1.000000000000000e-08

5.238303584339768e-06

1.000000000000000e+00

0.000000000000000e+00
31

1.010000000000000e-08

6.503768092287625e-06

1.000000000000000e+00

9.999999999999923e-02
32

1.030000000000000e-08

4.261102572898797e-06

1.000000000000000e+00

2.999999999999994e-01
33

1.070000000000000e-08

-9.397115563348010e-05

1.000000000000000e+00

6.999999999999996e-01
34

1.100000000000000e-08

-1.747210075937555e-05

9.999999999999993e-01

1.000000000000000e+00
35

1.108000000000000e-08

-9.843361617197287e-05

9.199999999999997e-01

1.000000000000000e+00
36

1.124000000000000e-08

9.868629110185345e-04

7.600000000000002e-01

1.000000000000000e+00
37

1.145656195144819e-08

4.132227002654694e-02

5.434380485518108e-01

1.000000000000000e+00
38

1.165624763272135e-08

2.155252076948716e-01

3.437523672786545e-01

1.000000000000000e+00
39

1.189559998072069e-08

6.646005932339560e-01

1.044000192793113e-01

1.000000000000000e+00
40

1.200000000000000e-08

8.820933579207387e-01

4.135689186945957e-16

1.000000000000000e+00
41

1.204787046959987e-08

9.468296472650904e-01

0.000000000000000e+00

1.000000000000000e+00
42

1.214361140879961e-08

1.039338342204043e+00

0.000000000000000e+00

1.000000000000000e+00
43

1.233509328719908e-08

1.097317812262807e+00

0.000000000000000e+00

1.000000000000000e+00
44

1.263507903897038e-08

1.100348379570344e+00

0.000000000000000e+00

1.000000000000000e+00
45

1.295994528196304e-08

1.099785657523298e+00

0.000000000000000e+00

1.000000000000000e+00
46

1.336752965285885e-08

1.100017936650602e+00

0.000000000000000e+00

1.000000000000000e+00
47

1.356524528785508e-08

1.099990999633220e+00

0.000000000000000e+00

1.000000000000000e+00
48

1.386060513212703e-08

1.099995099447681e+00

0.000000000000000e+00

1.000000000000000e+00
49

1.418467487778926e-08

1.099998880382463e+00

0.000000000000000e+00

1.000000000000000e+00
50

1.483281436911372e-08

1.099997550644512e+00

0.000000000000000e+00

1.000000000000000e+00
51

1.577997877565161e-08

1.099999314087808e+00

0.000000000000000e+00

1.000000000000000e+00
52

1.600000000000000e-08

1.099997580738669e+00

0.000000000000000e+00

9.999999999999993e-01
53

1.610000000000000e-08

1.099998408768550e+00

0.000000000000000e+00

8.999999999999985e-01
54

1.630000000000000e-08

1.099998167423064e+00

0.000000000000000e+00

7.000000000000001e-01
55

1.670000000000000e-08

1.099998458219135e+00

0.000000000000000e+00

2.999999999999998e-01
56

1.700000000000000e-08

1.099998130785420e+00

0.000000000000000e+00

4.135689186945957e-16
57

1.708000000000000e-08

1.099998520394720e+00

0.000000000000000e+00

0.000000000000000e+00
58

1.724000000000000e-08

1.099998675675568e+00

0.000000000000000e+00

0.000000000000000e+00
59

1.756000000000000e-08

1.099998489813308e+00

0.000000000000000e+00

0.000000000000000e+00
60

1.820000000000000e-08

1.099998417997383e+00

0.000000000000000e+00

0.000000000000000e+00
61

1.920000000000000e-08

1.099998417241162e+00

0.000000000000000e+00

0.000000000000000e+00
62

2.000000000000000e-08

1.099998427682017e+00

0.000000000000000e+00

0.000000000000000e+00
63

2.010000000000000e-08

1.099998725737724e+00

1.000000000000009e-01

1.000000000000009e-01
64

2.030000000000000e-08

1.099999606824655e+00

2.999999999999994e-01

2.999999999999994e-01
65

2.070000000000000e-08

1.100203593199123e+00

6.999999999999996e-01

6.999999999999996e-01
66

2.100000000000000e-08

9.483677612884875e-01

9.999999999999990e-01

9.999999999999990e-01
67

2.108000000000000e-08

8.667570884538797e-01

1.000000000000000e+00

1.000000000000000e+00
68

2.124000000000000e-08

7.064917756095652e-01

1.000000000000000e+00

1.000000000000000e+00
69

2.142354223254468e-08

5.308544506594116e-01

1.000000000000000e+00

1.000000000000000e+00
70

2.159530147859197e-08

3.772862641803663e-01

1.000000000000000e+00

1.000000000000000e+00
71

2.183417364744068e-08

2.033490656539624e-01

1.000000000000000e+00

1.000000000000000e+00
72

2.209036289370760e-08

8.806349547319688e-02

1.000000000000000e+00

1.000000000000000e+00
73

2.241352662024394e-08

2.484927969440911e-02

1.000000000000000e+00

1.000000000000000e+00
74

2.270779366323708e-08

7.273481011204684e-03

1.000000000000000e+00

1.000000000000000e+00
75

2.304522958541250e-08

1.640326424136462e-03

1.000000000000000e+00

1.000000000000000e+00
76

2.344073929825345e-08

2.488558700109663e-04

1.000000000000000e+00

1.000000000000000e+00
77

2.410032609375994e-08

-7.736957889341736e-06

1.000000000000000e+00

1.000000000000000e+00
78

2.510032609375994e-08

2.544278358191952e-05

1.000000000000000e+00

1.000000000000000e+00
79

2.600000000000000e-08

1.559118352206019e-05

1.000000000000000e+00

9.999999999999993e-01
80

2.610000000000000e-08

1.632009453190346e-05

1.000000000000000e+00

8.999999999999985e-01
81

2.630000000000000e-08

1.769527237996769e-05

1.000000000000000e+00

7.000000000000001e-01
82

2.670000000000000e-08

1.088119480337773e-04

1.000000000000000e+00

2.999999999999998e-01
83

2.700000000000000e-08

3.902741799991289e-05

1.000000000000000e+00

4.135689186945957e-16
84

2.708000000000000e-08

3.107318387276436e-05

1.000000000000000e+00

0.000000000000000e+00
85

2.724000000000000e-08

1.982888826388405e-05

1.000000000000000e+00

0.000000000000000e+00
86

2.756000000000000e-08

8.766161663935963e-06

1.000000000000000e+00

0.000000000000000e+00
87

2.820000000000000e-08

4.848371586097324e-06

1.000000000000000e+00

0.000000000000000e+00
88

2.920000000000000e-08

5.486708700724035e-06

1.000000000000000e+00

0.000000000000000e+00
89

3.000000000000000e-08

5.238299973458527e-06

1.000000000000000e+00

0.000000000000000e+00
90

3.010000000000000e-08

6.503781366997522e-06

1.000000000000000e+00

1.000000000000009e-01
91

3.030000000000001e-08

4.261108608831661e-06

1.000000000000000e+00

3.000000000000027e-01
92

3.070000000000000e-08

-9.397115543555941e-05

1.000000000000000e+00

6.999999999999996e-01
93

3.100000000000000e-08

-1.747210018716902e-05

1.000000000000000e+00

9.999999999999957e-01
94

3.108000000000000e-08

-9.843361606214981e-05

9.200000000000029e-01

1.000000000000000e+00
95

3.123999999999999e-08

9.868629114354092e-04

7.600000000000069e-01

1.000000000000000e+00
96

3.145656195145407e-08

4.132227000409805e-02

5.434380485459261e-01

1.000000000000000e+00
97

3.165624763280190e-08

2.155252077733631e-01

3.437523671981054e-01

1.000000000000000e+00
98

3.189559998079899e-08

6.646005933836663e-01

1.044000192010120e-01

1.000000000000000e+00
99

3.200000000000000e-08

8.820933579124274e-01

0.000000000000000e+00

1.000000000000000e+00
100

3.204787046959942e-08

9.468296472587873e-01

0.000000000000000e+00

1.000000000000000e+00
101

3.214361140879826e-08

1.039338342200975e+00

0.000000000000000e+00

1.000000000000000e+00
102

3.233509328719593e-08

1.097317812262071e+00

0.000000000000000e+00

1.000000000000000e+00
103

3.263507903895967e-08

1.100348379570188e+00

0.000000000000000e+00

1.000000000000000e+00
104

3.295994528194585e-08

1.099785657522647e+00

0.000000000000000e+00

1.000000000000000e+00
105

3.336752965284148e-08

1.100017936650100e+00

0.000000000000000e+00

1.000000000000000e+00
106

3.356524528783689e-08

1.099990999633674e+00

0.000000000000000e+00

1.000000000000000e+00
107

3.386060513210050e-08

1.099995099447669e+00

0.000000000000000e+00

1.000000000000000e+00
108

3.418467487775808e-08

1.099998880382311e+00

0.000000000000000e+00

1.000000000000000e+00
109

3.483281436907325e-08

1.099997550644187e+00

0.000000000000000e+00

1.000000000000000e+00
110

3.577997877556396e-08

1.099999314087568e+00

0.000000000000000e+00

1.000000000000000e+00
111

3.600000000000000e-08

1.099997580738886e+00

0.000000000000000e+00

9.999999999999993e-01
112

3.610000000000001e-08

1.099998408768493e+00

0.000000000000000e+00

8.999999999999985e-01
113

3.630000000000001e-08

1.099998167423061e+00

0.000000000000000e+00

6.999999999999967e-01
114

3.670000000000000e-08

1.099998458219143e+00

0.000000000000000e+00

2.999999999999998e-01
115

3.700000000000001e-08

1.099998130785231e+00

0.000000000000000e+00

0.000000000000000e+00
116

3.708000000000001e-08

1.099998520394488e+00

0.000000000000000e+00

0.000000000000000e+00
117

3.724000000000001e-08

1.099998675675265e+00

0.000000000000000e+00

0.000000000000000e+00
118

3.756000000000001e-08

1.099998489813164e+00

0.000000000000000e+00

0.000000000000000e+00
119

3.820000000000000e-08

1.099998417997280e+00

0.000000000000000e+00

0.000000000000000e+00
120

3.920000000000001e-08

1.099998417240989e+00

0.000000000000000e+00

0.000000000000000e+00
121

4.000000000000000e-08

1.099998427682158e+00

0.000000000000000e+00

0.000000000000000e+00
122

4.010000000000000e-08

1.099998725737764e+00

1.000000000000009e-01

1.000000000000009e-01
123

4.030000000000000e-08

1.099999606824744e+00

3.000000000000027e-01

3.000000000000027e-01
124

4.070000000000000e-08

1.100203593198982e+00

6.999999999999996e-01

6.999999999999996e-01
125

4.100000000000000e-08

9.483677612880187e-01

1.000000000000000e+00

1.000000000000000e+00
126

4.108000000000000e-08

8.667570884534481e-01

1.000000000000000e+00

1.000000000000000e+00
127

4.124000000000000e-08

7.064917756091913e-01

1.000000000000000e+00

1.000000000000000e+00
128

4.142354223254478e-08

5.308544506590706e-01

1.000000000000000e+00

1.000000000000000e+00
129

4.159530147859188e-08

3.772862641803116e-01

1.000000000000000e+00

1.000000000000000e+00
130

4.183417364744080e-08

2.033490656538689e-01

1.000000000000000e+00

1.000000000000000e+00
131

4.209036289370775e-08

8.806349547317152e-02

1.000000000000000e+00

1.000000000000000e+00
132

4.241352662024412e-08

2.484927969439000e-02

1.000000000000000e+00

1.000000000000000e+00
133

4.270779366323746e-08

7.273481011198246e-03

1.000000000000000e+00

1.000000000000000e+00
134

4.304522958541319e-08

1.640326424136375e-03

1.000000000000000e+00

1.000000000000000e+00
135

4.344073929825393e-08

2.488558700114260e-04

1.000000000000000e+00

1.000000000000000e+00
136

4.410032609376120e-08

-7.736957889040445e-06

1.000000000000000e+00

1.000000000000000e+00
137

4.510032609376120e-08

2.544278358178765e-05

1.000000000000000e+00

1.000000000000000e+00
138

4.600000000000000e-08

1.559118352177199e-05

1.000000000000000e+00

9.999999999999993e-01
139

4.610000000000000e-08

1.632009453126952e-05

1.000000000000000e+00

8.999999999999985e-01
140

4.630000000000000e-08

1.769527238028638e-05

1.000000000000000e+00

6.999999999999967e-01
141

4.670000000000000e-08

1.088119480334435e-04

1.000000000000000e+00

2.999999999999998e-01
142

4.700000000000000e-08

3.902741800077882e-05

1.000000000000000e+00

0.000000000000000e+00
143

4.708000000000000e-08

3.107318387267863e-05

1.000000000000000e+00

0.000000000000000e+00
144

4.724000000000000e-08

1.982888826428397e-05

1.000000000000000e+00

0.000000000000000e+00
145

4.756000000000000e-08

8.766161663296025e-06

1.000000000000000e+00

0.000000000000000e+00
146

4.820000000000000e-08

4.848371585850161e-06

1.000000000000000e+00

0.000000000000000e+00
147

4.920000000000000e-08

5.486708700777944e-06

1.000000000000000e+00

0.000000000000000e+00
148

5.000000000000000e-08

5.238299973165483e-06

1.000000000000000e+00

0.000000000000000e+00
149

5.010000000000000e-08

6.503781367261102e-06

1.000000000000000e+00

1.000000000000009e-01
150

5.030000000000000e-08

4.261108609995838e-06

1.000000000000000e+00

3.000000000000027e-01
151

5.070000000000000e-08

-9.397115543563467e-05

1.000000000000000e+00

6.999999999999996e-01
152

5.100000000000000e-08

-1.747210018688118e-05

1.000000000000000e+00

1.000000000000000e+00
153

5.108000000000000e-08

-9.843361606210728e-05

9.200000000000029e-01

1.000000000000000e+00
154

5.124000000000000e-08

9.868629114345680e-04

7.600000000000002e-01

1.000000000000000e+00
155

5.145656195145406e-08

4.132227000477988e-02

5.434380485459460e-01

1.000000000000000e+00
156

5.165624763279998e-08

2.155252077717910e-01

3.437523672000244e-01

1.000000000000000e+00
157

5.189559998079720e-08

6.646005933804292e-01

1.044000192028054e-01

1.000000000000000e+00
158

5.200000000000000e-08

8.820933579128623e-01

0.000000000000000e+00

1.000000000000000e+00
159

5.204787046959945e-08

9.468296472590388e-01

0.000000000000000e+00

1.000000000000000e+00
160

5.214361140879834e-08

1.039338342201002e+00

0.000000000000000e+00

1.000000000000000e+00
161

5.233509328719611e-08

1.097317812262286e+00

0.000000000000000e+00

1.000000000000000e+00
162

5.263507903896119e-08

1.100348379570157e+00

0.000000000000000e+00

1.000000000000000e+00
163

5.295994528194856e-08

1.099785657522867e+00

0.000000000000000e+00

1.000000000000000e+00
164

5.336752965284373e-08

1.100017936650481e+00

0.000000000000000e+00

1.000000000000000e+00
165

5.356524528783932e-08

1.099990999633679e+00

0.000000000000000e+00

1.000000000000000e+00
166

5.386060513210428e-08

1.099995099447669e+00

0.000000000000000e+00

1.000000000000000e+00
167

5.418467487776259e-08

1.099998880382040e+00

0.000000000000000e+00

1.000000000000000e+00
168

5.483281436907922e-08

1.099997550644247e+00

0.000000000000000e+00

1.000000000000000e+00
169

5.577997877557618e-08

1.099999314088117e+00

0.000000000000000e+00

1.000000000000000e+00
170

5.600000000000000e-08

1.099997580739173e+00

0.000000000000000e+00

9.999999999999993e-01
171

5.610000000000000e-08

1.099998408768787e+00

0.000000000000000e+00

8.999999999999985e-01
172

5.630000000000000e-08

1.099998167423026e+00

0.000000000000000e+00

6.999999999999967e-01
173

5.670000000000000e-08

1.099998458218960e+00

0.000000000000000e+00

2.999999999999998e-01
174

5.700000000000000e-08

1.099998130785306e+00

0.000000000000000e+00

0.000000000000000e+00
175

5.708000000000000e-08

1.099998520394540e+00

0.000000000000000e+00

0.000000000000000e+00
176

5.724000000000000e-08

1.099998675675289e+00

0.000000000000000e+00

0.000000000000000e+00
177

5.756000000000000e-08

1.099998489813130e+00

0.000000000000000e+00

0.000000000000000e+00
178

5.820000000000000e-08

1.099998417997040e+00

0.000000000000000e+00

0.000000000000000e+00
179

5.920000000000000e-08

1.099998417240725e+00

0.000000000000000e+00

0.000000000000000e+00
180

5.999999999999999e-08

1.099998427681927e+00

0.000000000000000e+00

0.000000000000000e+00
181

6.009999999999999e-08

1.099998725737595e+00

9.999999999998103e-02

9.999999999998103e-02
182

6.029999999999999e-08

1.099999606824650e+00

2.999999999999828e-01

2.999999999999828e-01
183

6.069999999999999e-08

1.100203593198928e+00

6.999999999999864e-01

6.999999999999864e-01
184

6.100000000000000e-08

9.483677612880145e-01

9.999999999999957e-01

9.999999999999957e-01
185

6.108000000000000e-08

8.667570884533982e-01

1.000000000000000e+00

1.000000000000000e+00
186

6.124000000000000e-08

7.064917756091071e-01

1.000000000000000e+00

1.000000000000000e+00
187

6.142354223254478e-08

5.308544506588977e-01

1.000000000000000e+00

1.000000000000000e+00
188

6.159530147859176e-08

3.772862641800797e-01

1.000000000000000e+00

1.000000000000000e+00
189

6.183417364744065e-08

2.033490656536504e-01

1.000000000000000e+00

1.000000000000000e+00
190

6.209036289370747e-08

8.806349547311559e-02

1.000000000000000e+00

1.000000000000000e+00
191

6.241352662024363e-08

2.484927969437379e-02

1.000000000000000e+00

1.000000000000000e+00
192

6.270779366323720e-08

7.273481011182867e-03

1.000000000000000e+00

1.000000000000000e+00
193

6.304522958541318e-08

1.640326424125486e-03

1.000000000000000e+00

1.000000000000000e+00
194

6.344073929825361e-08

2.488558700103208e-04

1.000000000000000e+00

1.000000000000000e+00
195

6.410032609376180e-08

-7.736957889682990e-06

1.000000000000000e+00

1.000000000000000e+00
196

6.510032609376179e-08

2.544278358214503e-05

1.000000000000000e+00

1.000000000000000e+00
197

6.600000000000001e-08

1.559118352164249e-05

1.000000000000000e+00

9.999999999999993e-01
198

6.610000000000000e-08

1.632009453251878e-05

1.000000000000000e+00

9.000000000000051e-01
199

6.630000000000000e-08

1.769527238088946e-05

1.000000000000000e+00

7.000000000000033e-01
200

6.670000000000001e-08

1.088119480317010e-04

1.000000000000000e+00

2.999999999999998e-01
201

6.700000000000000e-08

3.902741800109914e-05

1.000000000000000e+00

3.722337108685858e-15
202

6.708000000000000e-08

3.107318387396746e-05

1.000000000000000e+00

0.000000000000000e+00
203

6.724000000000000e-08

1.982888826458943e-05

1.000000000000000e+00

0.000000000000000e+00
204

6.755999999999999e-08

8.766161663975743e-06

1.000000000000000e+00

0.000000000000000e+00
205

6.819999999999999e-08

4.848371586250037e-06

1.000000000000000e+00

0.000000000000000e+00
206

6.919999999999998e-08

5.486708699907962e-06

1.000000000000000e+00

0.000000000000000e+00
207

7.000000000000000e-08

5.238299974023558e-06

1.000000000000000e+00

0.000000000000000e+00
208

7.010000000000000e-08

6.503781367778119e-06

1.000000000000000e+00

9.999999999999427e-02
209

7.030000000000000e-08

4.261108609978513e-06

1.000000000000000e+00

2.999999999999960e-01
210

7.070000000000000e-08

-9.397115543569331e-05

1.000000000000000e+00

6.999999999999996e-01
211

7.100000000000000e-08

-1.747210018789565e-05

1.000000000000000e+00

9.999999999999957e-01
212

7.108000000000000e-08

-9.843361606282220e-05

9.200000000000096e-01

1.000000000000000e+00
213

7.123999999999999e-08

9.868629114321548e-04

7.600000000000134e-01

1.000000000000000e+00
214

7.145656195145399e-08

4.132227000371630e-02

5.434380485460188e-01

1.000000000000000e+00
215

7.165624763280278e-08

2.155252077738655e-01

3.437523671972318e-01

1.000000000000000e+00
216

7.189559998079983e-08

6.646005933848830e-01

1.044000192001782e-01

1.000000000000000e+00
217

7.200000000000001e-08

8.820933579119536e-01

0.000000000000000e+00

1.000000000000000e+00
218

7.204787046959942e-08

9.468296472583975e-01

0.000000000000000e+00

1.000000000000000e+00
219

7.214361140879825e-08

1.039338342200747e+00

0.000000000000000e+00

1.000000000000000e+00
220

7.233509328719589e-08

1.097317812262176e+00

0.000000000000000e+00

1.000000000000000e+00
221

7.263507903895987e-08

1.100348379570135e+00

0.000000000000000e+00

1.000000000000000e+00
222

7.295994528194635e-08

1.099785657522705e+00

0.000000000000000e+00

1.000000000000000e+00
223

7.336752965284171e-08

1.100017936650118e+00

0.000000000000000e+00

1.000000000000000e+00
224

7.356524528783716e-08

1.099990999633532e+00

0.000000000000000e+00

1.000000000000000e+00
225

7.386060513210089e-08

1.099995099447835e+00

0.000000000000000e+00

1.000000000000000e+00
226

7.418467487775853e-08

1.099998880382173e+00

0.000000000000000e+00

1.000000000000000e+00
227

7.483281436907382e-08

1.099997550644200e+00

0.000000000000000e+00

1.000000000000000e+00
228

7.577997877556462e-08

1.099999314088087e+00

0.000000000000000e+00

1.000000000000000e+00
229

7.600000000000001e-08

1.099997580739297e+00

0.000000000000000e+00

9.999999999999993e-01
230

7.610000000000000e-08

1.099998408768705e+00

0.000000000000000e+00

9.000000000000051e-01
231

7.630000000000000e-08

1.099998167422877e+00

0.000000000000000e+00

7.000000000000033e-01
232

7.670000000000001e-08

1.099998458218832e+00

0.000000000000000e+00

2.999999999999998e-01
233

7.700000000000000e-08

1.099998130785227e+00

0.000000000000000e+00

3.722337108685858e-15
234

7.708000000000000e-08

1.099998520394540e+00

0.000000000000000e+00

0.000000000000000e+00
235

7.724000000000000e-08

1.099998675675465e+00

0.000000000000000e+00

0.000000000000000e+00
236

7.755999999999999e-08

1.099998489813378e+00

0.000000000000000e+00

0.000000000000000e+00
237

7.819999999999999e-08

1.099998417997186e+00

0.000000000000000e+00

0.000000000000000e+00
238

7.919999999999998e-08

1.099998417240766e+00

0.000000000000000e+00

0.000000000000000e+00
239

8.000000000000000e-08

1.099998427682241e+00

0.000000000000000e+00

0.000000000000000e+00
240

8.010000000000000e-08

1.099998725737827e+00

9.999999999999427e-02

9.999999999999427e-02
241

8.030000000000000e-08

1.099999606824791e+00

2.999999999999960e-01

2.999999999999960e-01
242

8.070000000000000e-08

1.100203593198846e+00

6.999999999999996e-01

6.999999999999996e-01
243

8.100000000000000e-08

9.483677612877556e-01

9.999999999999957e-01

9.999999999999957e-01
244

8.108000000000000e-08

8.667570884531842e-01

1.000000000000000e+00

1.000000000000000e+00
245

8.123999999999999e-08

7.064917756089335e-01

1.000000000000000e+00

1.000000000000000e+00
246

8.142354223254482e-08

5.308544506586330e-01

1.000000000000000e+00

1.000000000000000e+00
247

8.159530147859161e-08

3.772862641800172e-01

1.000000000000000e+00

1.000000000000000e+00
248

8.183417364744057e-08

2.033490656536207e-01

1.000000000000000e+00

1.000000000000000e+00
249

8.209036289370739e-08

8.806349547307329e-02

1.000000000000000e+00

1.000000000000000e+00
250

8.241352662024356e-08

2.484927969436239e-02

1.000000000000000e+00

1.000000000000000e+00
251

8.270779366323686e-08

7.273481011190514e-03

1.000000000000000e+00

1.000000000000000e+00
252

8.304522958541272e-08

1.640326424129326e-03

1.000000000000000e+00

1.000000000000000e+00
253

8.344073929825320e-08

2.488558700105517e-04

1.000000000000000e+00

1.000000000000000e+00
254

8.410032609376133e-08

-7.736957889876819e-06

1.000000000000000e+00

1.000000000000000e+00
255

8.510032609376133e-08

2.544278358206968e-05

1.000000000000000e+00

1.000000000000000e+00
256

8.600000000000000e-08

1.559118352163244e-05

1.000000000000000e+00

9.999999999999993e-01
257

8.610000000000000e-08

1.632009453177198e-05

1.000000000000000e+00

9.000000000000051e-01
258

8.630000000000000e-08

1.769527238083701e-05

1.000000000000000e+00

7.000000000000033e-01
259

8.670000000000000e-08

1.088119480329558e-04

1.000000000000000e+00

2.999999999999998e-01
260

8.700000000000000e-08

3.902741800021438e-05

1.000000000000000e+00

3.722337108685858e-15
261

8.708000000000000e-08

3.107318387312569e-05

1.000000000000000e+00

0.000000000000000e+00
262

8.723999999999999e-08

1.982888826416898e-05

1.000000000000000e+00

0.000000000000000e+00
263

8.755999999999998e-08

8.766161662789177e-06

1.000000000000000e+00

0.000000000000000e+00
264

8.819999999999998e-08

4.848371587267663e-06

1.000000000000000e+00

0.000000000000000e+00
265

8.919999999999998e-08

5.486708699810099e-06

1.000000000000000e+00

0.000000000000000e+00
266

9.000000000000000e-08

5.238299973394942e-06

1.000000000000000e+00

0.000000000000000e+00
267

9.009999999999999e-08

6.503781367250315e-06

1.000000000000000e+00

9.999999999999427e-02
268

9.029999999999999e-08

4.261108611892824e-06

1.000000000000000e+00

2.999999999999960e-01
269

9.070000000000000e-08

-9.397115543657854e-05

1.000000000000000e+00

6.999999999999996e-01
270

9.099999999999999e-08

-1.747210018794040e-05

1.000000000000000e+00

9.999999999999957e-01
271

9.107999999999999e-08

-9.843361606255191e-05

9.200000000000096e-01

1.000000000000000e+00
272

9.123999999999999e-08

9.868629114390219e-04

7.600000000000134e-01

1.000000000000000e+00
273

9.145656195145396e-08

4.132227000490895e-02

5.434380485460453e-01

1.000000000000000e+00
274

9.165624763279953e-08

2.155252077714727e-01

3.437523672004744e-01

1.000000000000000e+00
275

9.189559998079677e-08

6.646005933796909e-01

1.044000192032355e-01

1.000000000000000e+00
276

9.200000000000000e-08

8.820933579128030e-01

0.000000000000000e+00

1.000000000000000e+00
277

9.204787046959946e-08

9.468296472590263e-01

0.000000000000000e+00

1.000000000000000e+00
278

9.214361140879835e-08

1.039338342201076e+00

0.000000000000000e+00

1.000000000000000e+00
279

9.233509328719614e-08

1.097317812262482e+00

0.000000000000000e+00

1.000000000000000e+00
280

9.263507903896130e-08

1.100348379570156e+00

0.000000000000000e+00

1.000000000000000e+00
281

9.295994528194883e-08

1.099785657523177e+00

0.000000000000000e+00

1.000000000000000e+00
282

9.336752965284386e-08

1.100017936650641e+00

0.000000000000000e+00

1.000000000000000e+00
283

9.356524528783947e-08

1.099990999633305e+00

0.000000000000000e+00

1.000000000000000e+00
284

9.386060513210457e-08

1.099995099447791e+00

0.000000000000000e+00

1.000000000000000e+00
285

9.418467487776295e-08

1.099998880382320e+00

0.000000000000000e+00

1.000000000000000e+00
286

9.483281436907970e-08

1.099997550643952e+00

0.000000000000000e+00

1.000000000000000e+00
287

9.577997877557759e-08

1.099999314087597e+00

0.000000000000000e+00

1.000000000000000e+00
288

9.600000000000000e-08

1.099997580738830e+00

0.000000000000000e+00

9.999999999999993e-01
289

9.609999999999999e-08

1.099998408768766e+00

0.000000000000000e+00

9.000000000000051e-01
290

9.630000000000000e-08

1.099998167423213e+00

0.000000000000000e+00

7.000000000000033e-01
291

9.670000000000000e-08

1.099998458219160e+00

0.000000000000000e+00

2.999999999999998e-01
292

9.700000000000000e-08

1.099998130785373e+00

0.000000000000000e+00

3.722337108685858e-15
293

9.707999999999999e-08

1.099998520394637e+00

0.000000000000000e+00

0.000000000000000e+00
294

9.723999999999999e-08

1.099998675675488e+00

0.000000000000000e+00

0.000000000000000e+00
295

9.755999999999998e-08

1.099998489813389e+00

0.000000000000000e+00

0.000000000000000e+00
296

9.819999999999998e-08

1.099998417997192e+00

0.000000000000000e+00

0.000000000000000e+00
297

9.919999999999998e-08

1.099998417240742e+00

0.000000000000000e+00

0.000000000000000e+00
298

1.000000000000000e-07

1.099998427682183e+00

0.000000000000000e+00

0.000000000000000e+00
