Title:
*inverter
Date:
Sat
Jan
22
21:38:10

2011
Plotname:
Transient
Analysis
Flags:
real
No.
Variables:
3
No.
Points:
254





Variables:

0
time
time

1
v(out)
voltage

2
v(in)
voltage
Values:
0

0.000000000000000e+00

1.099997340338807e+00

0.000000000000000e+00
1

5.000000000000001e-12

1.100002660433592e+00

5.500000000000001e-03
2

1.000000000000000e-11

1.100007921615105e+00

1.100000000000000e-02
3

2.000000000000000e-11

1.100018321106338e+00

2.200000000000000e-02
4

4.000000000000000e-11

1.100038396632285e+00

4.400000000000000e-02
5

8.000000000000001e-11

1.100075528349954e+00

8.800000000000001e-02
6

1.600000000000000e-10

1.100127387530471e+00

1.760000000000000e-01
7

3.200000000000000e-10

1.098719821431923e+00

3.520000000000000e-01
8

5.373522791475151e-10

1.064070292338734e+00

5.910875070622666e-01
9

8.150371938886662e-10

9.048893699534504e-01

8.965409132775328e-01
10

1.000000000000000e-09

7.182400280585063e-01

1.100000000000000e+00
11

1.026259703715628e-09

6.876474908201067e-01

1.100000000000000e+00
12

1.078779111146885e-09

6.269500858724389e-01

1.100000000000000e+00
13

1.183817926009399e-09

5.089672717938315e-01

1.100000000000000e+00
14

1.393895555734426e-09

3.013196670264801e-01

1.100000000000000e+00
15

1.579670348059881e-09

1.672733244204720e-01

1.100000000000000e+00
16

1.778575512434188e-09

8.114897672537762e-02

1.100000000000000e+00
17

1.882594355881585e-09

5.476559507407075e-02

1.100000000000000e+00
18

1.994094700677339e-09

3.554625601523573e-02

1.100000000000000e+00
19

2.138133140036269e-09

2.001814539523849e-02

1.100000000000000e+00
20

2.293291749085971e-09

1.066584727356704e-02

1.100000000000000e+00
21

2.477305995159961e-09

4.971492431583463e-03

1.100000000000000e+00
22

2.685958061715266e-09

2.056834619692498e-03

1.100000000000000e+00
23

2.955880850130576e-09

6.186267059884567e-04

1.100000000000000e+00
24

3.297925578833704e-09

1.172627326226683e-04

1.100000000000000e+00
25

3.793053740210275e-09

1.256402656034785e-06

1.100000000000000e+00
26

4.537579216327455e-09

4.124724465457278e-07

1.100000000000000e+00
27

5.537579216327455e-09

4.983094078768214e-07

1.100000000000000e+00
28

6.537579216327454e-09

4.617547966155736e-07

1.100000000000000e+00
29

7.537579216327454e-09

4.738090236019042e-07

1.100000000000000e+00
30

8.537579216327455e-09

4.697973394599226e-07

1.100000000000000e+00
31

9.537579216327456e-09

4.711364152367266e-07

1.100000000000000e+00
32

1.053757921632746e-08

4.706854752490423e-07

1.100000000000000e+00
33

1.100000000000000e-08

4.708002093356421e-07

1.099999999999999e+00
34

1.110000000000000e-08

-7.663651613000868e-05

9.900000000000002e-01
35

1.130000000000000e-08

7.254740233455274e-05

7.700000000000001e-01
36

1.140116380418970e-08

1.470707193187683e-03

6.587198153913310e-01
37

1.149832325279681e-08

7.329756522777083e-03

5.518444219235044e-01
38

1.159338134541120e-08

2.173374723728099e-02

4.472805200476760e-01
39

1.171755052582337e-08

5.829036037496872e-02

3.106944215942976e-01
40

1.184892525836076e-08

1.203462337065723e-01

1.661822158031694e-01
41

1.200000000000000e-08

2.210743109284039e-01

4.549312315749177e-16
42

1.202627494650748e-08

2.411908258059118e-01

0.000000000000000e+00
43

1.207882483952243e-08

2.811526067158486e-01

0.000000000000000e+00
44

1.218392462555235e-08

3.594277086321701e-01

0.000000000000000e+00
45

1.239412419761217e-08

5.088744331203431e-01

0.000000000000000e+00
46

1.281452334173182e-08

7.638899715912800e-01

0.000000000000000e+00
47

1.333893420595292e-08

9.679319510084056e-01

0.000000000000000e+00
48

1.396769971054513e-08

1.068249851447444e+00

0.000000000000000e+00
49

1.445246249557974e-08

1.089688502128015e+00

0.000000000000000e+00
50

1.513269345925944e-08

1.098361947067783e+00

0.000000000000000e+00
51

1.580652290791689e-08

1.099735656053466e+00

0.000000000000000e+00
52

1.680652290791689e-08

1.100006888185157e+00

0.000000000000000e+00
53

1.780652290791689e-08

1.099996998690194e+00

0.000000000000000e+00
54

1.880652290791689e-08

1.099997362488329e+00

0.000000000000000e+00
55

1.980652290791688e-08

1.099997339567476e+00

0.000000000000000e+00
56

2.080652290791688e-08

1.099997340369913e+00

0.000000000000000e+00
57

2.180652290791688e-08

1.099997340329834e+00

0.000000000000000e+00
58

2.200000000000000e-08

1.099997340341242e+00

0.000000000000000e+00
59

2.210000000000000e-08

1.100081095679328e+00

1.100000000000010e-01
60

2.230000000000000e-08

1.099041121072031e+00

3.299999999999993e-01
61

2.251499091277105e-08

1.070229329922093e+00

5.664900040481518e-01
62

2.275435396552169e-08

9.520094141942361e-01

8.297893620738565e-01
63

2.300000000000000e-08

7.182127462814299e-01

1.099999999999999e+00
64

2.302699811681938e-08

6.867668834760929e-01

1.100000000000000e+00
65

2.308099435045813e-08

6.243920640324679e-01

1.100000000000000e+00
66

2.318898681773563e-08

5.032926375355925e-01

1.100000000000000e+00
67

2.340497175229065e-08

2.919970208573944e-01

1.100000000000000e+00
68

2.359429115012225e-08

1.591957121207335e-01

1.100000000000000e+00
69

2.379268769885850e-08

7.696746220953601e-02

1.100000000000000e+00
70

2.388876721236201e-08

5.350197428543515e-02

1.100000000000000e+00
71

2.399897684834068e-08

3.489029320095172e-02

1.100000000000000e+00
72

2.414287270614627e-08

1.965431911370686e-02

1.100000000000000e+00
73

2.430060131041094e-08

1.035374458052929e-02

1.100000000000000e+00
74

2.448478954583990e-08

4.821213589167070e-03

1.100000000000000e+00
75

2.469601752609105e-08

1.969860557985454e-03

1.100000000000000e+00
76

2.496704262309418e-08

5.887689730927129e-04

1.100000000000000e+00
77

2.531479172083419e-08

1.069164900207553e-04

1.100000000000000e+00
78

2.581540042509096e-08

6.018676609547546e-07

1.100000000000000e+00
79

2.657807235261264e-08

5.322421183874736e-07

1.100000000000000e+00
80

2.757807235261264e-08

4.574078845053978e-07

1.100000000000000e+00
81

2.857807235261264e-08

4.752473949800143e-07

1.100000000000000e+00
82

2.957807235261264e-08

4.693255034820651e-07

1.100000000000000e+00
83

3.057807235261264e-08

4.712870557294365e-07

1.100000000000000e+00
84

3.157807235261265e-08

4.706415704195815e-07

1.100000000000000e+00
85

3.257807235261265e-08

4.708497140974905e-07

1.100000000000000e+00
86

3.300000000000000e-08

4.708096045649125e-07

1.099999999999998e+00
87

3.310000000000001e-08

-7.663650954527700e-05

9.899999999999965e-01
88

3.330000000000001e-08

7.254740549058999e-05

7.699999999999946e-01
89

3.340116380419200e-08

1.470707195649835e-03

6.587198153887978e-01
90

3.349832325280044e-08

7.329756525080978e-03

5.518444219195136e-01
91

3.359338134541441e-08

2.173374723969350e-02

4.472805200441493e-01
92

3.371755052582741e-08

5.829036037816048e-02

3.106944215898482e-01
93

3.384892525836839e-08

1.203462337124779e-01

1.661822157947747e-01
94

3.400000000000000e-08

2.210743109299649e-01

2.274764578091837e-15
95

3.402627494650820e-08

2.411908258080080e-01

0.000000000000000e+00
96

3.407882483952459e-08

2.811526067190003e-01

0.000000000000000e+00
97

3.418392462555737e-08

3.594277086373404e-01

0.000000000000000e+00
98

3.439412419762293e-08

5.088744331291083e-01

0.000000000000000e+00
99

3.481452334175407e-08

7.638899716037140e-01

0.000000000000000e+00
100

3.533893420596404e-08

9.679319510117569e-01

0.000000000000000e+00
101

3.596769971058040e-08

1.068249851450757e+00

0.000000000000000e+00
102

3.645246249562015e-08

1.089688502129275e+00

0.000000000000000e+00
103

3.713269345930283e-08

1.098361947068009e+00

0.000000000000000e+00
104

3.780652290797015e-08

1.099735656053515e+00

0.000000000000000e+00
105

3.880652290797015e-08

1.100006888185156e+00

0.000000000000000e+00
106

3.980652290797015e-08

1.099996998690194e+00

0.000000000000000e+00
107

4.080652290797015e-08

1.099997362488329e+00

0.000000000000000e+00
108

4.180652290797016e-08

1.099997339567476e+00

0.000000000000000e+00
109

4.280652290797016e-08

1.099997340369913e+00

0.000000000000000e+00
110

4.380652290797016e-08

1.099997340329834e+00

0.000000000000000e+00
111

4.400000000000000e-08

1.099997340341242e+00

0.000000000000000e+00
112

4.410000000000000e-08

1.100081095679328e+00

1.100000000000010e-01
113

4.430000000000001e-08

1.099041121072031e+00

3.300000000000030e-01
114

4.451499091277106e-08

1.070229329922092e+00

5.664900040481590e-01
115

4.475435396552170e-08

9.520094141942289e-01

8.297893620738673e-01
116

4.500000000000001e-08

7.182127462814267e-01

1.100000000000000e+00
117

4.502699811681938e-08

6.867668834760897e-01

1.100000000000000e+00
118

4.508099435045813e-08

6.243920640324647e-01

1.100000000000000e+00
119

4.518898681773564e-08

5.032926375355889e-01

1.100000000000000e+00
120

4.540497175229065e-08

2.919970208573914e-01

1.100000000000000e+00
121

4.559429115012226e-08

1.591957121207286e-01

1.100000000000000e+00
122

4.579268769885850e-08

7.696746220953324e-02

1.100000000000000e+00
123

4.588876721236200e-08

5.350197428543436e-02

1.100000000000000e+00
124

4.599897684834068e-08

3.489029320095085e-02

1.100000000000000e+00
125

4.614287270614627e-08

1.965431911370659e-02

1.100000000000000e+00
126

4.630060131041093e-08

1.035374458052896e-02

1.100000000000000e+00
127

4.648478954583989e-08

4.821213589166964e-03

1.100000000000000e+00
128

4.669601752609104e-08

1.969860557985365e-03

1.100000000000000e+00
129

4.696704262309418e-08

5.887689730926941e-04

1.100000000000000e+00
130

4.731479172083420e-08

1.069164900207438e-04

1.100000000000000e+00
131

4.781540042509096e-08

6.018676609549656e-07

1.100000000000000e+00
132

4.857807235261267e-08

5.322421183876586e-07

1.100000000000000e+00
133

4.957807235261267e-08

4.574078845053096e-07

1.100000000000000e+00
134

5.057807235261268e-08

4.752473949800143e-07

1.100000000000000e+00
135

5.157807235261268e-08

4.693255034820651e-07

1.100000000000000e+00
136

5.257807235261268e-08

4.712870557294365e-07

1.100000000000000e+00
137

5.357807235261268e-08

4.706415704197579e-07

1.100000000000000e+00
138

5.457807235261269e-08

4.708497140975787e-07

1.100000000000000e+00
139

5.500000000000000e-08

4.708096045660682e-07

1.100000000000000e+00
140

5.510000000000000e-08

-7.663650954527521e-05

9.900000000000002e-01
141

5.530000000000001e-08

7.254740549056872e-05

7.699999999999982e-01
142

5.540116380419200e-08

1.470707195649736e-03

6.587198153888014e-01
143

5.549832325280045e-08

7.329756525081014e-03

5.518444219195099e-01
144

5.559338134541442e-08

2.173374723969420e-02

4.472805200441456e-01
145

5.571755052582741e-08

5.829036037816079e-02

3.106944215898518e-01
146

5.584892525836840e-08

1.203462337124845e-01

1.661822157947637e-01
147

5.600000000000001e-08

2.210743109299683e-01

0.000000000000000e+00
148

5.602627494650820e-08

2.411908258080132e-01

0.000000000000000e+00
149

5.607882483952459e-08

2.811526067190091e-01

0.000000000000000e+00
150

5.618392462555739e-08

3.594277086373560e-01

0.000000000000000e+00
151

5.639412419762297e-08

5.088744331291358e-01

0.000000000000000e+00
152

5.681452334175414e-08

7.638899716037539e-01

0.000000000000000e+00
153

5.733893420596409e-08

9.679319510117742e-01

0.000000000000000e+00
154

5.796769971058053e-08

1.068249851450770e+00

0.000000000000000e+00
155

5.845246249562029e-08

1.089688502129280e+00

0.000000000000000e+00
156

5.913269345930298e-08

1.098361947068010e+00

0.000000000000000e+00
157

5.980652290797034e-08

1.099735656053515e+00

0.000000000000000e+00
158

6.080652290797033e-08

1.100006888185156e+00

0.000000000000000e+00
159

6.180652290797033e-08

1.099996998690194e+00

0.000000000000000e+00
160

6.280652290797032e-08

1.099997362488329e+00

0.000000000000000e+00
161

6.380652290797032e-08

1.099997339567476e+00

0.000000000000000e+00
162

6.480652290797032e-08

1.099997340369913e+00

0.000000000000000e+00
163

6.580652290797031e-08

1.099997340329834e+00

0.000000000000000e+00
164

6.600000000000001e-08

1.099997340341242e+00

0.000000000000000e+00
165

6.610000000000000e-08

1.100081095679327e+00

1.099999999999937e-01
166

6.630000000000000e-08

1.099041121072030e+00

3.299999999999957e-01
167

6.651499091277106e-08

1.070229329922092e+00

5.664900040481518e-01
168

6.675435396552170e-08

9.520094141942330e-01

8.297893620738601e-01
169

6.700000000000000e-08

7.182127462814335e-01

1.099999999999995e+00
170

6.702699811681938e-08

6.867668834760965e-01

1.100000000000000e+00
171

6.708099435045813e-08

6.243920640324716e-01

1.100000000000000e+00
172

6.718898681773564e-08

5.032926375355964e-01

1.100000000000000e+00
173

6.740497175229065e-08

2.919970208573977e-01

1.100000000000000e+00
174

6.759429115012226e-08

1.591957121207377e-01

1.100000000000000e+00
175

6.779268769885850e-08

7.696746220953844e-02

1.100000000000000e+00
176

6.788876721236202e-08

5.350197428543611e-02

1.100000000000000e+00
177

6.799897684834069e-08

3.489029320095258e-02

1.100000000000000e+00
178

6.814287270614628e-08

1.965431911370721e-02

1.100000000000000e+00
179

6.830060131041094e-08

1.035374458052958e-02

1.100000000000000e+00
180

6.848478954583990e-08

4.821213589167183e-03

1.100000000000000e+00
181

6.869601752609104e-08

1.969860557985533e-03

1.100000000000000e+00
182

6.896704262309418e-08

5.887689730927337e-04

1.100000000000000e+00
183

6.931479172083419e-08

1.069164900207643e-04

1.100000000000000e+00
184

6.981540042509095e-08

6.018676609554155e-07

1.100000000000000e+00
185

7.057807235261262e-08

5.322421183873511e-07

1.100000000000000e+00
186

7.157807235261262e-08

4.574078845053978e-07

1.100000000000000e+00
187

7.257807235261262e-08

4.752473949800143e-07

1.100000000000000e+00
188

7.357807235261261e-08

4.693255034820651e-07

1.100000000000000e+00
189

7.457807235261261e-08

4.712870557294365e-07

1.100000000000000e+00
190

7.557807235261260e-08

4.706415704196697e-07

1.100000000000000e+00
191

7.657807235261260e-08

4.708497140975787e-07

1.100000000000000e+00
192

7.700000000000001e-08

4.708096045628008e-07

1.099999999999994e+00
193

7.710000000000001e-08

-7.663650954527327e-05

9.900000000000002e-01
194

7.730000000000001e-08

7.254740549056633e-05

7.699999999999982e-01
195

7.740116380419201e-08

1.470707195649725e-03

6.587198153888014e-01
196

7.749832325280045e-08

7.329756525081134e-03

5.518444219195099e-01
197

7.759338134541442e-08

2.173374723969350e-02

4.472805200441529e-01
198

7.771755052582742e-08

5.829036037816157e-02

3.106944215898518e-01
199

7.784892525836840e-08

1.203462337124819e-01

1.661822157947710e-01
200

7.800000000000001e-08

2.210743109299693e-01

0.000000000000000e+00
201

7.802627494650821e-08

2.411908258080133e-01

0.000000000000000e+00
202

7.807882483952460e-08

2.811526067190074e-01

0.000000000000000e+00
203

7.818392462555739e-08

3.594277086373509e-01

0.000000000000000e+00
204

7.839412419762296e-08

5.088744331291245e-01

0.000000000000000e+00
205

7.881452334175410e-08

7.638899716037362e-01

0.000000000000000e+00
206

7.933893420596406e-08

9.679319510117665e-01

0.000000000000000e+00
207

7.996769971058046e-08

1.068249851450763e+00

0.000000000000000e+00
208

8.045246249562023e-08

1.089688502129278e+00

0.000000000000000e+00
209

8.113269345930291e-08

1.098361947068010e+00

0.000000000000000e+00
210

8.180652290797026e-08

1.099735656053515e+00

0.000000000000000e+00
211

8.280652290797025e-08

1.100006888185156e+00

0.000000000000000e+00
212

8.380652290797025e-08

1.099996998690194e+00

0.000000000000000e+00
213

8.480652290797024e-08

1.099997362488329e+00

0.000000000000000e+00
214

8.580652290797024e-08

1.099997339567476e+00

0.000000000000000e+00
215

8.680652290797024e-08

1.099997340369913e+00

0.000000000000000e+00
216

8.780652290797023e-08

1.099997340329834e+00

0.000000000000000e+00
217

8.800000000000001e-08

1.099997340341242e+00

0.000000000000000e+00
218

8.810000000000000e-08

1.100081095679327e+00

1.099999999999937e-01
219

8.830000000000000e-08

1.099041121072030e+00

3.299999999999957e-01
220

8.851499091277105e-08

1.070229329922092e+00

5.664900040481518e-01
221

8.875435396552170e-08

9.520094141942330e-01

8.297893620738601e-01
222

8.900000000000000e-08

7.182127462814335e-01

1.099999999999995e+00
223

8.902699811681938e-08

6.867668834760965e-01

1.100000000000000e+00
224

8.908099435045813e-08

6.243920640324716e-01

1.100000000000000e+00
225

8.918898681773563e-08

5.032926375355964e-01

1.100000000000000e+00
226

8.940497175229064e-08

2.919970208573977e-01

1.100000000000000e+00
227

8.959429115012225e-08

1.591957121207377e-01

1.100000000000000e+00
228

8.979268769885850e-08

7.696746220953844e-02

1.100000000000000e+00
229

8.988876721236202e-08

5.350197428543611e-02

1.100000000000000e+00
230

8.999897684834069e-08

3.489029320095258e-02

1.100000000000000e+00
231

9.014287270614628e-08

1.965431911370721e-02

1.100000000000000e+00
232

9.030060131041094e-08

1.035374458052958e-02

1.100000000000000e+00
233

9.048478954583990e-08

4.821213589167183e-03

1.100000000000000e+00
234

9.069601752609104e-08

1.969860557985533e-03

1.100000000000000e+00
235

9.096704262309418e-08

5.887689730927337e-04

1.100000000000000e+00
236

9.131479172083419e-08

1.069164900207643e-04

1.100000000000000e+00
237

9.181540042509095e-08

6.018676609554155e-07

1.100000000000000e+00
238

9.257807235261262e-08

5.322421183873511e-07

1.100000000000000e+00
239

9.357807235261262e-08

4.574078845053978e-07

1.100000000000000e+00
240

9.457807235261261e-08

4.752473949800143e-07

1.100000000000000e+00
241

9.557807235261261e-08

4.693255034820651e-07

1.100000000000000e+00
242

9.657807235261261e-08

4.712870557294365e-07

1.100000000000000e+00
243

9.757807235261260e-08

4.706415704196697e-07

1.100000000000000e+00
244

9.857807235261260e-08

4.708497140975787e-07

1.100000000000000e+00
245

9.900000000000001e-08

4.708096045628008e-07

1.099999999999994e+00
246

9.910000000000001e-08

-7.663650954527327e-05

9.900000000000002e-01
247

9.930000000000001e-08

7.254740549056633e-05

7.699999999999982e-01
248

9.940116380419201e-08

1.470707195649725e-03

6.587198153888014e-01
249

9.949832325280045e-08

7.329756525081134e-03

5.518444219195099e-01
250

9.959338134541441e-08

2.173374723969350e-02

4.472805200441529e-01
251

9.971755052582741e-08

5.829036037816157e-02

3.106944215898518e-01
252

9.984892525836840e-08

1.203462337124819e-01

1.661822157947710e-01
253

1.000000000000000e-07

2.210743109299693e-01

0.000000000000000e+00
