Title:
*negative
edge
pass
transistor

Date:
Fri
Jun
24
19:56:53

2011
Plotname:
Transient
Analysis
Flags:
real
No.
Variables:
5
No.
Points:
281





Variables:

0
time
time

1
v(out)
voltage

2
v(in)
voltage

3
v(clk)
voltage

4
v(clk1)
voltage
Values:
0

0.000000000000000e+00

4.481940053175708e-08

0.000000000000000e+00

0.000000000000000e+00

1.000000000000000e+00
1

5.000000000000001e-12

4.304922519079014e-03

5.000000000000000e-03

5.000000000000000e-03

9.950000000000000e-01
2

1.000000000000000e-11

9.226527368656347e-03

1.000000000000000e-02

1.000000000000000e-02

9.900000000000000e-01
3

2.000000000000000e-11

1.920171037453039e-02

2.000000000000000e-02

2.000000000000000e-02

9.800000000000000e-01
4

4.000000000000000e-11

3.919326059515879e-02

4.000000000000000e-02

4.000000000000000e-02

9.600000000000000e-01
5

8.000000000000001e-11

7.911983966037733e-02

8.000000000000000e-02

8.000000000000000e-02

9.200000000000000e-01
6

1.600000000000000e-10

1.588215839972715e-01

1.600000000000000e-01

1.600000000000000e-01

8.400000000000000e-01
7

3.200000000000000e-10

2.880533561167407e-01

3.200000000000000e-01

3.200000000000000e-01

6.799999999999999e-01
8

6.400000000000001e-10

3.764092372821978e-01

6.400000000000000e-01

6.400000000000000e-01

3.600000000000000e-01
9

1.000000000000000e-09

3.682673844102290e-01

1.000000000000000e+00

1.000000000000000e+00

0.000000000000000e+00
10

1.064000000000000e-09

3.682745730738352e-01

1.000000000000000e+00

1.000000000000000e+00

0.000000000000000e+00
11

1.192000000000000e-09

3.682890352283955e-01

1.000000000000000e+00

1.000000000000000e+00

0.000000000000000e+00
12

1.448000000000000e-09

3.683179570622913e-01

1.000000000000000e+00

1.000000000000000e+00

0.000000000000000e+00
13

1.960000000000000e-09

3.683757898151296e-01

1.000000000000000e+00

1.000000000000000e+00

0.000000000000000e+00
14

2.960000000000000e-09

3.684887024700167e-01

1.000000000000000e+00

1.000000000000000e+00

0.000000000000000e+00
15

3.960000000000000e-09

3.686015596795702e-01

1.000000000000000e+00

1.000000000000000e+00

0.000000000000000e+00
16

4.959999999999999e-09

3.687143614920502e-01

1.000000000000000e+00

1.000000000000000e+00

0.000000000000000e+00
17

5.000000000000000e-09

3.687188724121958e-01

1.000000000000000e+00

1.000000000000000e+00

0.000000000000000e+00
18

5.080000000000001e-09

3.697643284296424e-01

1.000000000000000e+00

9.199999999999988e-01

8.000000000000117e-02
19

5.240000000000004e-09

3.754880776357295e-01

1.000000000000000e+00

7.599999999999961e-01

2.400000000000039e-01
20

5.560000000000010e-09

9.750464302384659e-01

1.000000000000000e+00

4.399999999999906e-01

5.600000000000094e-01
21

6.000000000000000e-09

1.003623131075904e+00

1.000000000000000e+00

4.135689186945957e-16

9.999999999999996e-01
22

6.064000000000001e-09

9.375596315726132e-01

9.359999999999988e-01

0.000000000000000e+00

1.000000000000000e+00
23

6.192000000000003e-09

8.100449417917999e-01

8.079999999999967e-01

0.000000000000000e+00

1.000000000000000e+00
24

6.448000000000008e-09

5.649872213588957e-01

5.519999999999927e-01

0.000000000000000e+00

1.000000000000000e+00
25

6.960000000000016e-09

4.076414411362780e-02

3.999999999998373e-02

0.000000000000000e+00

1.000000000000000e+00
26

7.000000000000000e-09

6.190120417668267e-04

4.135689186945957e-16

0.000000000000000e+00

1.000000000000000e+00
27

7.079999999999966e-09

5.770005156132310e-06

0.000000000000000e+00

0.000000000000000e+00

1.000000000000000e+00
28

7.239999999999900e-09

-5.584956640088662e-06

0.000000000000000e+00

0.000000000000000e+00

1.000000000000000e+00
29

7.559999999999766e-09

5.627472789841732e-06

0.000000000000000e+00

0.000000000000000e+00

1.000000000000000e+00
30

8.199999999999499e-09

-5.512990196997606e-06

0.000000000000000e+00

0.000000000000000e+00

1.000000000000000e+00
31

9.199999999999500e-09

5.591013086419379e-06

0.000000000000000e+00

0.000000000000000e+00

1.000000000000000e+00
32

1.000000000000000e-08

-5.479139710896210e-06

0.000000000000000e+00

0.000000000000000e+00

1.000000000000000e+00
33

1.010000000000000e-08

9.926496750622935e-02

9.999999999999923e-02

0.000000000000000e+00

1.000000000000000e+00
34

1.030000000000000e-08

2.988709134705305e-01

2.999999999999994e-01

0.000000000000000e+00

1.000000000000000e+00
35

1.070000000000000e-08

6.967673294761187e-01

6.999999999999996e-01

0.000000000000000e+00

1.000000000000000e+00
36

1.100000000000000e-08

9.984566327390272e-01

1.000000000000000e+00

0.000000000000000e+00

1.000000000000000e+00
37

1.108000000000000e-08

9.999716220320624e-01

1.000000000000000e+00

0.000000000000000e+00

1.000000000000000e+00
38

1.124000000000000e-08

1.000026627466798e+00

1.000000000000000e+00

0.000000000000000e+00

1.000000000000000e+00
39

1.156000000000000e-08

9.999729917567173e-01

1.000000000000000e+00

0.000000000000000e+00

1.000000000000000e+00
40

1.220000000000000e-08

1.000025952642914e+00

1.000000000000000e+00

0.000000000000000e+00

1.000000000000000e+00
41

1.320000000000000e-08

9.999733568065620e-01

1.000000000000000e+00

0.000000000000000e+00

1.000000000000000e+00
42

1.420000000000000e-08

1.000025669752535e+00

1.000000000000000e+00

0.000000000000000e+00

1.000000000000000e+00
43

1.520000000000000e-08

9.999736382011895e-01

1.000000000000000e+00

0.000000000000000e+00

1.000000000000000e+00
44

1.600000000000000e-08

1.000025355100505e+00

9.999999999999993e-01

0.000000000000000e+00

1.000000000000000e+00
45

1.610000000000000e-08

9.016114379890742e-01

8.999999999999985e-01

0.000000000000000e+00

1.000000000000000e+00
46

1.630000000000000e-08

7.036143560659625e-01

7.000000000000001e-01

0.000000000000000e+00

1.000000000000000e+00
47

1.670000000000000e-08

3.008917312534206e-01

2.999999999999998e-01

0.000000000000000e+00

1.000000000000000e+00
48

1.700000000000000e-08

7.446642969445208e-04

4.135689186945957e-16

0.000000000000000e+00

1.000000000000000e+00
49

1.708000000000000e-08

6.930858633756092e-06

0.000000000000000e+00

0.000000000000000e+00

1.000000000000000e+00
50

1.724000000000000e-08

-6.727158936969599e-06

0.000000000000000e+00

0.000000000000000e+00

1.000000000000000e+00
51

1.756000000000000e-08

6.760128171667247e-06

0.000000000000000e+00

0.000000000000000e+00

1.000000000000000e+00
52

1.800000000000000e-08

-6.626051477672829e-06

0.000000000000000e+00

0.000000000000000e+00

1.000000000000000e+00
53

1.806400000000000e-08

-1.032709867016465e-04

0.000000000000000e+00

6.399999999999978e-02

9.360000000000003e-01
54

1.819200000000000e-08

-1.326455764645885e-04

0.000000000000000e+00

1.919999999999993e-01

8.080000000000007e-01
55

1.844800000000000e-08

-2.560122842702800e-04

0.000000000000000e+00

4.479999999999984e-01

5.520000000000016e-01
56

1.896000000000000e-08

-1.026672610762905e-03

0.000000000000000e+00

9.599999999999966e-01

4.000000000000337e-02
57

1.900000000000000e-08

-3.703580151163838e-03

0.000000000000000e+00

9.999999999999990e-01

1.033949401790801e-15
58

1.908000000000001e-08

-3.674652885613427e-03

0.000000000000000e+00

1.000000000000000e+00

0.000000000000000e+00
59

1.924000000000002e-08

-3.616905794803452e-03

0.000000000000000e+00

1.000000000000000e+00

0.000000000000000e+00
60

1.956000000000003e-08

-3.501590585484862e-03

0.000000000000000e+00

1.000000000000000e+00

0.000000000000000e+00
61

2.000000000000000e-08

-3.343563918756471e-03

0.000000000000000e+00

1.000000000000000e+00

0.000000000000000e+00
62

2.006400000000000e-08

-3.308693863262784e-03

6.400000000000308e-02

1.000000000000000e+00

0.000000000000000e+00
63

2.019200000000001e-08

-3.233409878917312e-03

1.920000000000092e-01

1.000000000000000e+00

0.000000000000000e+00
64

2.044800000000003e-08

-3.041568507613144e-03

4.480000000000249e-01

1.000000000000000e+00

0.000000000000000e+00
65

2.096000000000006e-08

-2.303037528123681e-03

9.600000000000561e-01

1.000000000000000e+00

0.000000000000000e+00
66

2.100000000000000e-08

-2.217380421758132e-03

9.999999999999990e-01

1.000000000000000e+00

0.000000000000000e+00
67

2.107999999999989e-08

-2.037241313304352e-03

1.000000000000000e+00

1.000000000000000e+00

0.000000000000000e+00
68

2.123999999999966e-08

-1.678733437086238e-03

1.000000000000000e+00

1.000000000000000e+00

0.000000000000000e+00
69

2.155999999999920e-08

-9.726803475090135e-04

1.000000000000000e+00

1.000000000000000e+00

0.000000000000000e+00
70

2.219999999999828e-08

3.976359531000091e-04

1.000000000000000e+00

1.000000000000000e+00

0.000000000000000e+00
71

2.300000000000000e-08

2.037779277433457e-03

1.000000000000000e+00

9.999999999999986e-01

1.447566071967798e-15
72

2.310000000000001e-08

1.084506576127447e-02

1.000000000000000e+00

8.999999999999977e-01

1.000000000000023e-01
73

2.330000000000000e-08

8.286696380539996e-02

1.000000000000000e+00

6.999999999999992e-01

3.000000000000008e-01
74

2.370000000000000e-08

9.910123400434012e-01

1.000000000000000e+00

2.999999999999989e-01

7.000000000000011e-01
75

2.400000000000000e-08

1.004071916144381e+00

1.000000000000000e+00

0.000000000000000e+00

1.000000000000000e+00
76

2.408000000000000e-08

1.000060696751373e+00

1.000000000000000e+00

0.000000000000000e+00

1.000000000000000e+00
77

2.424000000000000e-08

9.999406325926062e-01

1.000000000000000e+00

0.000000000000000e+00

1.000000000000000e+00
78

2.456000000000000e-08

1.000057545606092e+00

1.000000000000000e+00

0.000000000000000e+00

1.000000000000000e+00
79

2.520000000000000e-08

9.999421037478314e-01

1.000000000000000e+00

0.000000000000000e+00

1.000000000000000e+00
80

2.600000000000000e-08

1.000056673871355e+00

9.999999999999993e-01

0.000000000000000e+00

1.000000000000000e+00
81

2.610000000000000e-08

9.016118852819915e-01

8.999999999999985e-01

0.000000000000000e+00

1.000000000000000e+00
82

2.630000000000000e-08

7.036128115644824e-01

7.000000000000001e-01

0.000000000000000e+00

1.000000000000000e+00
83

2.670000000000000e-08

3.008922390390661e-01

2.999999999999998e-01

0.000000000000000e+00

1.000000000000000e+00
84

2.700000000000000e-08

7.445014534147006e-04

4.135689186945957e-16

0.000000000000000e+00

1.000000000000000e+00
85

2.708000000000000e-08

6.929353817326896e-06

0.000000000000000e+00

0.000000000000000e+00

1.000000000000000e+00
86

2.724000000000000e-08

-6.725678370175244e-06

0.000000000000000e+00

0.000000000000000e+00

1.000000000000000e+00
87

2.756000000000000e-08

6.758659978736741e-06

0.000000000000000e+00

0.000000000000000e+00

1.000000000000000e+00
88

2.820000000000000e-08

-6.639427005958953e-06

0.000000000000000e+00

0.000000000000000e+00

1.000000000000000e+00
89

2.920000000000000e-08

6.714879625450036e-06

0.000000000000000e+00

0.000000000000000e+00

1.000000000000000e+00
90

3.000000000000000e-08

-6.598529677259685e-06

0.000000000000000e+00

0.000000000000000e+00

1.000000000000000e+00
91

3.010000000000000e-08

9.926496023253500e-02

1.000000000000009e-01

0.000000000000000e+00

1.000000000000000e+00
92

3.030000000000001e-08

2.988709299398839e-01

3.000000000000027e-01

0.000000000000000e+00

1.000000000000000e+00
93

3.070000000000000e-08

6.967672943737188e-01

6.999999999999996e-01

0.000000000000000e+00

1.000000000000000e+00
94

3.100000000000001e-08

9.984566457820200e-01

1.000000000000000e+00

0.000000000000000e+00

1.000000000000000e+00
95

3.108000000000000e-08

9.999716222678955e-01

1.000000000000000e+00

0.000000000000000e+00

1.000000000000000e+00
96

3.124000000000001e-08

1.000026627238319e+00

1.000000000000000e+00

0.000000000000000e+00

1.000000000000000e+00
97

3.156000000000001e-08

9.999729919814055e-01

1.000000000000000e+00

0.000000000000000e+00

1.000000000000000e+00
98

3.220000000000000e-08

1.000025952420128e+00

1.000000000000000e+00

0.000000000000000e+00

1.000000000000000e+00
99

3.320000000000001e-08

9.999733570281706e-01

1.000000000000000e+00

0.000000000000000e+00

1.000000000000000e+00
100

3.420000000000001e-08

1.000025669532135e+00

1.000000000000000e+00

0.000000000000000e+00

1.000000000000000e+00
101

3.520000000000001e-08

9.999736384204242e-01

1.000000000000000e+00

0.000000000000000e+00

1.000000000000000e+00
102

3.600000000000000e-08

1.000025354882759e+00

9.999999999999993e-01

0.000000000000000e+00

1.000000000000000e+00
103

3.610000000000001e-08

9.022638697918581e-01

8.999999999999985e-01

1.000000000000009e-01

8.999999999999991e-01
104

3.630000000000001e-08

7.602170246864305e-01

6.999999999999967e-01

3.000000000000027e-01

6.999999999999973e-01
105

3.670000000000000e-08

6.860366745330448e-01

2.999999999999998e-01

6.999999999999996e-01

3.000000000000004e-01
106

3.700000000000001e-08

6.948827221044616e-01

0.000000000000000e+00

1.000000000000000e+00

0.000000000000000e+00
107

3.708000000000001e-08

6.948109709978995e-01

0.000000000000000e+00

1.000000000000000e+00

0.000000000000000e+00
108

3.724000000000001e-08

6.946674196087284e-01

0.000000000000000e+00

1.000000000000000e+00

0.000000000000000e+00
109

3.756000000000001e-08

6.943804604520752e-01

0.000000000000000e+00

1.000000000000000e+00

0.000000000000000e+00
110

3.820000000000000e-08

6.938071261618193e-01

0.000000000000000e+00

1.000000000000000e+00

0.000000000000000e+00
111

3.920000000000001e-08

6.929128464758959e-01

0.000000000000000e+00

1.000000000000000e+00

0.000000000000000e+00
112

4.000000000000000e-08

6.921987846818617e-01

0.000000000000000e+00

1.000000000000000e+00

0.000000000000000e+00
113

4.010000000000000e-08

6.921956576575069e-01

1.000000000000009e-01

1.000000000000000e+00

0.000000000000000e+00
114

4.030000000000000e-08

6.921916139981479e-01

3.000000000000027e-01

1.000000000000000e+00

0.000000000000000e+00
115

4.070000000000000e-08

6.921880748731610e-01

6.999999999999996e-01

1.000000000000000e+00

0.000000000000000e+00
116

4.100000000000000e-08

6.921877400797688e-01

1.000000000000000e+00

1.000000000000000e+00

0.000000000000000e+00
117

4.108000000000000e-08

6.907095340772141e-01

1.000000000000000e+00

9.200000000000038e-01

7.999999999999620e-02
118

4.124000000000000e-08

6.869556829145304e-01

1.000000000000000e+00

7.600000000000010e-01

2.399999999999989e-01
119

4.156000000000000e-08

9.873008538215109e-01

1.000000000000000e+00

4.400000000000022e-01

5.599999999999978e-01
120

4.200000000000001e-08

1.001791836146976e+00

1.000000000000000e+00

0.000000000000000e+00

1.000000000000000e+00
121

4.206400000000001e-08

1.000033005362086e+00

1.000000000000000e+00

0.000000000000000e+00

1.000000000000000e+00
122

4.219200000000000e-08

9.999675642194920e-01

1.000000000000000e+00

0.000000000000000e+00

1.000000000000000e+00
123

4.244800000000000e-08

1.000030935058514e+00

1.000000000000000e+00

0.000000000000000e+00

1.000000000000000e+00
124

4.296000000000000e-08

9.999685604260067e-01

1.000000000000000e+00

0.000000000000000e+00

1.000000000000000e+00
125

4.396000000000000e-08

1.000030439940834e+00

1.000000000000000e+00

0.000000000000000e+00

1.000000000000000e+00
126

4.496000000000001e-08

9.999688932017212e-01

1.000000000000000e+00

0.000000000000000e+00

1.000000000000000e+00
127

4.596000000000001e-08

1.000030108984677e+00

1.000000000000000e+00

0.000000000000000e+00

1.000000000000000e+00
128

4.600000000000000e-08

9.999728901883602e-01

9.999999999999993e-01

0.000000000000000e+00

1.000000000000000e+00
129

4.607999999999999e-08

9.215376826888156e-01

9.200000000000146e-01

0.000000000000000e+00

1.000000000000000e+00
130

4.623999999999996e-08

7.625999746877162e-01

7.600000000000449e-01

0.000000000000000e+00

1.000000000000000e+00
131

4.655999999999990e-08

4.430522356514760e-01

4.400000000001056e-01

0.000000000000000e+00

1.000000000000000e+00
132

4.700000000000000e-08

7.630316679133241e-04

0.000000000000000e+00

0.000000000000000e+00

1.000000000000000e+00
133

4.706399999999999e-08

8.845279326538165e-06

0.000000000000000e+00

0.000000000000000e+00

1.000000000000000e+00
134

4.719199999999996e-08

-8.572514259788235e-06

0.000000000000000e+00

0.000000000000000e+00

1.000000000000000e+00
135

4.744799999999992e-08

8.572130843941383e-06

0.000000000000000e+00

0.000000000000000e+00

1.000000000000000e+00
136

4.795999999999982e-08

-8.435582159629957e-06

0.000000000000000e+00

0.000000000000000e+00

1.000000000000000e+00
137

4.895999999999982e-08

8.507989483190452e-06

0.000000000000000e+00

0.000000000000000e+00

1.000000000000000e+00
138

4.995999999999983e-08

-8.390818658266758e-06

0.000000000000000e+00

0.000000000000000e+00

1.000000000000000e+00
139

5.000000000000000e-08

7.934600157530392e-06

0.000000000000000e+00

0.000000000000000e+00

1.000000000000000e+00
140

5.008000000000034e-08

7.928152937364059e-02

8.000000000034217e-02

0.000000000000000e+00

1.000000000000000e+00
141

5.024000000000102e-08

2.390613317341840e-01

2.400000000010265e-01

0.000000000000000e+00

1.000000000000000e+00
142

5.056000000000239e-08

5.477751278533975e-01

5.600000000023952e-01

0.000000000000000e+00

1.000000000000000e+00
143

5.100000000000000e-08

9.983954024324266e-01

1.000000000000000e+00

0.000000000000000e+00

1.000000000000000e+00
144

5.106400000000027e-08

9.999633954983674e-01

1.000000000000000e+00

0.000000000000000e+00

1.000000000000000e+00
145

5.119200000000082e-08

1.000034275537375e+00

1.000000000000000e+00

0.000000000000000e+00

1.000000000000000e+00
146

5.144800000000192e-08

9.999656136303241e-01

1.000000000000000e+00

0.000000000000000e+00

1.000000000000000e+00
147

5.196000000000411e-08

1.000033197301935e+00

1.000000000000000e+00

0.000000000000000e+00

1.000000000000000e+00
148

5.296000000000411e-08

9.999661503700082e-01

1.000000000000000e+00

0.000000000000000e+00

1.000000000000000e+00
149

5.396000000000411e-08

1.000032836808017e+00

1.000000000000000e+00

0.000000000000000e+00

1.000000000000000e+00
150

5.400000000000001e-08

9.999705041209208e-01

1.000000000000000e+00

0.000000000000000e+00

1.000000000000000e+00
151

5.407999999999180e-08

1.000218938650121e+00

1.000000000000000e+00

7.999999999179243e-02

9.200000000082076e-01
152

5.423999999997538e-08

1.000363591636978e+00

1.000000000000000e+00

2.399999999753773e-01

7.600000000246228e-01
153

5.455999999994255e-08

1.003549926371689e+00

1.000000000000000e+00

5.599999999425470e-01

4.400000000574530e-01
154

5.500000000000001e-08

1.020001230225721e+00

1.000000000000000e+00

1.000000000000000e+00

0.000000000000000e+00
155

5.506399999999344e-08

1.019995547998152e+00

1.000000000000000e+00

1.000000000000000e+00

0.000000000000000e+00
156

5.519199999998032e-08

1.019984217044799e+00

1.000000000000000e+00

1.000000000000000e+00

0.000000000000000e+00
157

5.544799999995405e-08

1.019961532503435e+00

1.000000000000000e+00

1.000000000000000e+00

0.000000000000000e+00
158

5.595999999990152e-08

1.019916177412928e+00

1.000000000000000e+00

1.000000000000000e+00

0.000000000000000e+00
159

5.600000000000000e-08

1.019912634832135e+00

9.999999999999993e-01

1.000000000000000e+00

0.000000000000000e+00
160

5.608000000019696e-08

1.019904816876000e+00

9.199999998030397e-01

1.000000000000000e+00

0.000000000000000e+00
161

5.624000000059088e-08

1.019888435804464e+00

7.599999994091203e-01

1.000000000000000e+00

0.000000000000000e+00
162

5.656000000137872e-08

1.019847762524150e+00

4.399999986212815e-01

1.000000000000000e+00

0.000000000000000e+00
163

5.700000000000000e-08

1.019357217822366e+00

0.000000000000000e+00

1.000000000000000e+00

0.000000000000000e+00
164

5.706400000015757e-08

1.019224285339473e+00

0.000000000000000e+00

1.000000000000000e+00

0.000000000000000e+00
165

5.719200000047270e-08

1.018958325079873e+00

0.000000000000000e+00

1.000000000000000e+00

0.000000000000000e+00
166

5.744800000110298e-08

1.018427235129897e+00

0.000000000000000e+00

1.000000000000000e+00

0.000000000000000e+00
167

5.796000000236352e-08

1.017370268324819e+00

0.000000000000000e+00

1.000000000000000e+00

0.000000000000000e+00
168

5.896000000236352e-08

1.015325100743184e+00

0.000000000000000e+00

1.000000000000000e+00

0.000000000000000e+00
169

5.900000000000001e-08

1.015243813238502e+00

0.000000000000000e+00

1.000000000000000e+00

0.000000000000000e+00
170

5.907999999527298e-08

1.008282643725694e+00

0.000000000000000e+00

9.200000047270300e-01

7.999999527297003e-02
171

5.923999998581892e-08

9.390597815274863e-01

0.000000000000000e+00

7.600000141810862e-01

2.399999858189138e-01
172

5.955999996691081e-08

6.551545783106679e-03

0.000000000000000e+00

4.400000330891987e-01

5.599999669108013e-01
173

5.999999999999999e-08

-2.560677229037149e-03

0.000000000000000e+00

1.282128700083596e-14

9.999999999999872e-01
174

6.006399999621837e-08

6.326889890949894e-02

6.399999621836162e-02

0.000000000000000e+00

1.000000000000000e+00
175

6.019199998865512e-08

1.911789734694415e-01

1.919999886551113e-01

0.000000000000000e+00

1.000000000000000e+00
176

6.044799997352863e-08

4.442837442909705e-01

4.479999735286240e-01

0.000000000000000e+00

1.000000000000000e+00
177

6.095999994327566e-08

9.586759075514996e-01

9.599999432756494e-01

0.000000000000000e+00

1.000000000000000e+00
178

6.100000000000000e-08

9.985949145916000e-01

9.999999999999957e-01

0.000000000000000e+00

1.000000000000000e+00
179

6.108000011344870e-08

9.999741382244407e-01

1.000000000000000e+00

0.000000000000000e+00

1.000000000000000e+00
180

6.124000034034608e-08

1.000024205831245e+00

1.000000000000000e+00

0.000000000000000e+00

1.000000000000000e+00
181

6.156000079414085e-08

9.999753732018347e-01

1.000000000000000e+00

0.000000000000000e+00

1.000000000000000e+00
182

6.220000170173039e-08

1.000023591347827e+00

1.000000000000000e+00

0.000000000000000e+00

1.000000000000000e+00
183

6.320000170173039e-08

9.999757056090796e-01

1.000000000000000e+00

0.000000000000000e+00

1.000000000000000e+00
184

6.420000170173038e-08

1.000023333751290e+00

1.000000000000000e+00

0.000000000000000e+00

1.000000000000000e+00
185

6.520000170173038e-08

9.999759618417640e-01

1.000000000000000e+00

0.000000000000000e+00

1.000000000000000e+00
186

6.600000000000001e-08

1.000023047232647e+00

9.999999999999993e-01

0.000000000000000e+00

1.000000000000000e+00
187

6.610000000000000e-08

9.016114050308259e-01

9.000000000000051e-01

0.000000000000000e+00

1.000000000000000e+00
188

6.630000000000000e-08

7.036144711052891e-01

7.000000000000033e-01

0.000000000000000e+00

1.000000000000000e+00
189

6.670000000000001e-08

3.008916937023448e-01

2.999999999999998e-01

0.000000000000000e+00

1.000000000000000e+00
190

6.700000000000000e-08

7.446762843470820e-04

3.722337108685858e-15

0.000000000000000e+00

1.000000000000000e+00
191

6.708000000000000e-08

6.930969407667235e-06

0.000000000000000e+00

0.000000000000000e+00

1.000000000000000e+00
192

6.724000000000000e-08

-6.727267925919696e-06

0.000000000000000e+00

0.000000000000000e+00

1.000000000000000e+00
193

6.755999999999999e-08

6.760236249726851e-06

0.000000000000000e+00

0.000000000000000e+00

1.000000000000000e+00
194

6.819999999999999e-08

-6.640996724073624e-06

0.000000000000000e+00

0.000000000000000e+00

1.000000000000000e+00
195

6.919999999999998e-08

6.716445710138712e-06

0.000000000000000e+00

0.000000000000000e+00

1.000000000000000e+00
196

7.000000000000000e-08

-6.600089530067207e-06

0.000000000000000e+00

0.000000000000000e+00

1.000000000000000e+00
197

7.010000000000000e-08

9.926496022239270e-02

9.999999999999427e-02

0.000000000000000e+00

1.000000000000000e+00
198

7.030000000000000e-08

2.988709299628191e-01

2.999999999999960e-01

0.000000000000000e+00

1.000000000000000e+00
199

7.070000000000000e-08

6.967672943248037e-01

6.999999999999996e-01

0.000000000000000e+00

1.000000000000000e+00
200

7.100000000000000e-08

9.984566458001909e-01

9.999999999999957e-01

0.000000000000000e+00

1.000000000000000e+00
201

7.108000000000000e-08

9.999716222682241e-01

1.000000000000000e+00

0.000000000000000e+00

1.000000000000000e+00
202

7.123999999999999e-08

1.000026627238000e+00

1.000000000000000e+00

0.000000000000000e+00

1.000000000000000e+00
203

7.155999999999999e-08

9.999729919817186e-01

1.000000000000000e+00

0.000000000000000e+00

1.000000000000000e+00
204

7.200000000000001e-08

1.000025851509130e+00

1.000000000000000e+00

0.000000000000000e+00

1.000000000000000e+00
205

7.206400000000000e-08

1.000212848183323e+00

1.000000000000000e+00

6.399999999999316e-02

9.360000000000068e-01
206

7.219200000000000e-08

1.000312518613389e+00

1.000000000000000e+00

1.919999999999927e-01

8.080000000000073e-01
207

7.244800000000000e-08

1.001085686625984e+00

1.000000000000000e+00

4.479999999999918e-01

5.520000000000082e-01
208

7.296000000000000e-08

1.005096132122350e+00

1.000000000000000e+00

9.599999999999900e-01

4.000000000000999e-02
209

7.300000000000001e-08

1.007799220543896e+00

1.000000000000000e+00

9.999999999999957e-01

4.342717591782064e-15
210

7.308000000000002e-08

1.007792791645575e+00

1.000000000000000e+00

1.000000000000000e+00

0.000000000000000e+00
211

7.324000000000004e-08

1.007779995513361e+00

1.000000000000000e+00

1.000000000000000e+00

0.000000000000000e+00
212

7.356000000000008e-08

1.007754349817304e+00

1.000000000000000e+00

1.000000000000000e+00

0.000000000000000e+00
213

7.420000000000017e-08

1.007703073085563e+00

1.000000000000000e+00

1.000000000000000e+00

0.000000000000000e+00
214

7.520000000000017e-08

1.007622992263339e+00

1.000000000000000e+00

1.000000000000000e+00

0.000000000000000e+00
215

7.600000000000001e-08

1.007558961849136e+00

9.999999999999993e-01

1.000000000000000e+00

0.000000000000000e+00
216

7.610000000000000e-08

1.007550089910968e+00

9.000000000000051e-01

1.000000000000000e+00

0.000000000000000e+00
217

7.630000000000000e-08

1.007531531067801e+00

7.000000000000033e-01

1.000000000000000e+00

0.000000000000000e+00
218

7.670000000000001e-08

1.007484265698603e+00

2.999999999999998e-01

1.000000000000000e+00

0.000000000000000e+00
219

7.700000000000000e-08

1.007171663173732e+00

3.722337108685858e-15

1.000000000000000e+00

0.000000000000000e+00
220

7.708000000000000e-08

1.000359070672652e+00

0.000000000000000e+00

9.200000000000104e-01

7.999999999998958e-02
221

7.724000000000000e-08

9.321910786946482e-01

0.000000000000000e+00

7.600000000000143e-01

2.399999999999857e-01
222

7.755999999999999e-08

6.512317824164511e-03

0.000000000000000e+00

4.400000000000220e-01

5.599999999999780e-01
223

7.800000000000001e-08

-2.544098203967632e-03

0.000000000000000e+00

0.000000000000000e+00

1.000000000000000e+00
224

7.806400000000000e-08

-2.352412959923323e-05

0.000000000000000e+00

0.000000000000000e+00

1.000000000000000e+00
225

7.819200000000000e-08

2.312719870977058e-05

0.000000000000000e+00

0.000000000000000e+00

1.000000000000000e+00
226

7.844800000000000e-08

-2.279569668522193e-05

0.000000000000000e+00

0.000000000000000e+00

1.000000000000000e+00
227

7.896000000000000e-08

2.276602968242093e-05

0.000000000000000e+00

0.000000000000000e+00

1.000000000000000e+00
228

7.996000000000000e-08

-2.262719771827961e-05

0.000000000000000e+00

0.000000000000000e+00

1.000000000000000e+00
229

8.000000000000000e-08

2.123518141521259e-05

0.000000000000000e+00

0.000000000000000e+00

1.000000000000000e+00
230

8.008000000000001e-08

7.928166139296575e-02

8.000000000001130e-02

0.000000000000000e+00

1.000000000000000e+00
231

8.024000000000004e-08

2.390611418495741e-01

2.400000000000339e-01

0.000000000000000e+00

1.000000000000000e+00
232

8.056000000000008e-08

5.477775358793151e-01

5.600000000000791e-01

0.000000000000000e+00

1.000000000000000e+00
233

8.100000000000000e-08

9.983951903581961e-01

9.999999999999957e-01

0.000000000000000e+00

1.000000000000000e+00
234

8.106400000000000e-08

9.999633907175162e-01

1.000000000000000e+00

0.000000000000000e+00

1.000000000000000e+00
235

8.119200000000002e-08

1.000034280120629e+00

1.000000000000000e+00

0.000000000000000e+00

1.000000000000000e+00
236

8.144800000000006e-08

9.999656091419036e-01

1.000000000000000e+00

0.000000000000000e+00

1.000000000000000e+00
237

8.196000000000013e-08

1.000033201742901e+00

1.000000000000000e+00

0.000000000000000e+00

1.000000000000000e+00
238

8.296000000000013e-08

9.999661459524235e-01

1.000000000000000e+00

0.000000000000000e+00

1.000000000000000e+00
239

8.396000000000012e-08

1.000032841201413e+00

1.000000000000000e+00

0.000000000000000e+00

1.000000000000000e+00
240

8.496000000000012e-08

9.999665045954945e-01

1.000000000000000e+00

0.000000000000000e+00

1.000000000000000e+00
241

8.596000000000012e-08

1.000032484521968e+00

1.000000000000000e+00

0.000000000000000e+00

1.000000000000000e+00
242

8.600000000000000e-08

9.999708122739607e-01

9.999999999999993e-01

0.000000000000000e+00

1.000000000000000e+00
243

8.607999999999978e-08

9.215376397608355e-01

9.200000000002263e-01

0.000000000000000e+00

1.000000000000000e+00
244

8.623999999999932e-08

7.626000857707245e-01

7.600000000006801e-01

0.000000000000000e+00

1.000000000000000e+00
245

8.655999999999841e-08

4.430521342069578e-01

4.400000000015879e-01

0.000000000000000e+00

1.000000000000000e+00
246

8.700000000000000e-08

7.630479534304956e-04

3.722337108685858e-15

0.000000000000000e+00

1.000000000000000e+00
247

8.706399999999982e-08

8.845467071984943e-06

0.000000000000000e+00

0.000000000000000e+00

1.000000000000000e+00
248

8.719199999999946e-08

-8.572698132670877e-06

0.000000000000000e+00

0.000000000000000e+00

1.000000000000000e+00
249

8.744799999999873e-08

8.572312798170829e-06

0.000000000000000e+00

0.000000000000000e+00

1.000000000000000e+00
250

8.795999999999728e-08

-8.435763170836156e-06

0.000000000000000e+00

0.000000000000000e+00

1.000000000000000e+00
251

8.895999999999727e-08

8.508170087107883e-06

0.000000000000000e+00

0.000000000000000e+00

1.000000000000000e+00
252

8.995999999999727e-08

-8.390998680310257e-06

0.000000000000000e+00

0.000000000000000e+00

1.000000000000000e+00
253

9.000000000000000e-08

7.934768515016828e-06

0.000000000000000e+00

0.000000000000000e+00

1.000000000000000e+00
254

9.008000000000546e-08

7.912583004446916e-02

8.000000000546408e-02

8.000000000545084e-02

9.199999999945492e-01
255

9.024000000001639e-08

2.365121296263550e-01

2.400000000163922e-01

2.400000000163790e-01

7.599999999836210e-01
256

9.056000000003825e-08

4.172951065565002e-01

5.600000000382486e-01

5.600000000382352e-01

4.399999999617647e-01
257

9.099999999999999e-08

4.094722837848091e-01

9.999999999999957e-01

9.999999999999825e-01

1.757757351131262e-14
258

9.106400000000437e-08

4.094783328939037e-01

1.000000000000000e+00

1.000000000000000e+00

0.000000000000000e+00
259

9.119200000001312e-08

4.094903569366617e-01

1.000000000000000e+00

1.000000000000000e+00

0.000000000000000e+00
260

9.144800000003060e-08

4.095144030927496e-01

1.000000000000000e+00

1.000000000000000e+00

0.000000000000000e+00
261

9.196000000006556e-08

4.095624873817298e-01

1.000000000000000e+00

1.000000000000000e+00

0.000000000000000e+00
262

9.296000000006556e-08

4.096563711730415e-01

1.000000000000000e+00

1.000000000000000e+00

0.000000000000000e+00
263

9.396000000006555e-08

4.097502141977633e-01

1.000000000000000e+00

1.000000000000000e+00

0.000000000000000e+00
264

9.496000000006555e-08

4.098440164853013e-01

1.000000000000000e+00

1.000000000000000e+00

0.000000000000000e+00
265

9.500000000000002e-08

4.098477677296598e-01

1.000000000000000e+00

9.999999999999952e-01

4.756288522179909e-15
266

9.507999999986895e-08

4.105644372240406e-01

1.000000000000000e+00

9.200000001310623e-01

7.999999986893770e-02
267

9.523999999960682e-08

4.149992767635574e-01

1.000000000000000e+00

7.600000003931964e-01

2.399999996068036e-01
268

9.555999999908255e-08

9.765587071203438e-01

1.000000000000000e+00

4.400000009174646e-01

5.599999990825354e-01
269

9.600000000000000e-08

1.003330845003684e+00

9.999999999999993e-01

1.282128700083596e-14

9.999999999999872e-01
270

9.606399999989515e-08

9.375534754772000e-01

9.360000001048531e-01

0.000000000000000e+00

1.000000000000000e+00
271

9.619199999968544e-08

8.100529717555605e-01

8.080000003145603e-01

0.000000000000000e+00

1.000000000000000e+00
272

9.644799999926602e-08

5.649399023877285e-01

5.520000007339748e-01

0.000000000000000e+00

1.000000000000000e+00
273

9.695999999842719e-08

4.076636594821534e-02

4.000000157280397e-02

0.000000000000000e+00

1.000000000000000e+00
274

9.700000000000000e-08

6.169999905835081e-04

3.722337108685858e-15

0.000000000000000e+00

1.000000000000000e+00
275

9.708000000314560e-08

5.751412731865275e-06

0.000000000000000e+00

0.000000000000000e+00

1.000000000000000e+00
276

9.724000000943680e-08

-5.566661169739907e-06

0.000000000000000e+00

0.000000000000000e+00

1.000000000000000e+00
277

9.756000002201920e-08

5.609330256386317e-06

0.000000000000000e+00

0.000000000000000e+00

1.000000000000000e+00
278

9.820000004718400e-08

-5.494924631359346e-06

0.000000000000000e+00

0.000000000000000e+00

1.000000000000000e+00
279

9.920000004718400e-08

5.572988138473124e-06

0.000000000000000e+00

0.000000000000000e+00

1.000000000000000e+00
280

1.000000000000000e-07

-5.461186629856929e-06

0.000000000000000e+00

0.000000000000000e+00

1.000000000000000e+00
