Title:
*negativeedgedffbynandgate
Date:
Tue
Jul
12
10:10:17

2011
Plotname:
Transient
Analysis
Flags:
real
No.
Variables:
4
No.
Points:
293





Variables:

0
time
time

1
v(q)
voltage

2
v(d)
voltage

3
v(clk)
voltage
Values:
0

0.000000000000000e+00

1.458042844263741e-05

0.000000000000000e+00

0.000000000000000e+00
1

5.000000000000001e-12

1.541456828775055e-05

5.000000000000000e-03

5.000000000000000e-03
2

1.000000000000000e-11

1.457050640923672e-05

1.000000000000000e-02

1.000000000000000e-02
3

2.000000000000000e-11

1.410293073691406e-05

2.000000000000000e-02

2.000000000000000e-02
4

4.000000000000000e-11

1.480570426008179e-05

4.000000000000000e-02

4.000000000000000e-02
5

8.000000000000001e-11

1.442893573158090e-05

8.000000000000000e-02

8.000000000000000e-02
6

1.600000000000000e-10

1.470326158429979e-05

1.600000000000000e-01

1.600000000000000e-01
7

3.200000000000000e-10

1.442874421406782e-05

3.200000000000000e-01

3.200000000000000e-01
8

6.400000000000001e-10

5.167498732919517e-04

6.400000000000000e-01

6.400000000000000e-01
9

6.850000000000000e-10

1.208549860695284e-04

6.849999999999999e-01

6.849999999999999e-01
10

7.750000000000000e-10

1.438525965563006e-05

7.749999999999999e-01

7.749999999999999e-01
11

9.284044887197723e-10

5.743369851103236e-05

9.284044887197722e-01

9.284044887197722e-01
12

1.000000000000000e-09

-1.742222446120905e-05

1.000000000000000e+00

1.000000000000000e+00
13

1.015694520930333e-09

3.014128944794839e-05

1.000000000000000e+00

1.000000000000000e+00
14

1.047083562791000e-09

2.234786388617774e-05

1.000000000000000e+00

1.000000000000000e+00
15

1.109861646512334e-09

2.047345148454841e-05

1.000000000000000e+00

1.000000000000000e+00
16

1.235417813955001e-09

2.245326034624136e-05

1.000000000000000e+00

1.000000000000000e+00
17

1.486530148840336e-09

1.616542080143730e-05

1.000000000000000e+00

1.000000000000000e+00
18

1.988754818611005e-09

1.961487391469993e-05

1.000000000000000e+00

1.000000000000000e+00
19

2.988754818611005e-09

1.330798964673138e-05

1.000000000000000e+00

1.000000000000000e+00
20

3.988754818611005e-09

1.822261218034511e-05

1.000000000000000e+00

1.000000000000000e+00
21

4.988754818611005e-09

1.253058011324763e-05

1.000000000000000e+00

1.000000000000000e+00
22

5.000000000000000e-09

1.948692364013665e-05

1.000000000000000e+00

1.000000000000000e+00
23

5.022490362777990e-09

1.542646281698844e-05

1.000000000000000e+00

9.775096372220101e-01
24

5.067471088333970e-09

1.536050154631248e-05

1.000000000000000e+00

9.325289116660300e-01
25

5.157432539445931e-09

1.525840020570262e-05

1.000000000000000e+00

8.425674605540697e-01
26

5.337355441669851e-09

1.687052650565397e-05

1.000000000000000e+00

6.626445583301491e-01
27

5.697201246117692e-09

1.092968149122189e+00

1.000000000000000e+00

3.027987538823079e-01
28

6.000000000000001e-09

1.105691312027235e+00

1.000000000000000e+00

0.000000000000000e+00
29

6.060548968684881e-09

1.100414758408181e+00

1.000000000000000e+00

0.000000000000000e+00
30

6.181646906054641e-09

1.099687496784708e+00

1.000000000000000e+00

0.000000000000000e+00
31

6.423842780794161e-09

1.100266487064762e+00

1.000000000000000e+00

0.000000000000000e+00
32

6.908234530273202e-09

1.099748244399164e+00

1.000000000000000e+00

0.000000000000000e+00
33

7.877018029231283e-09

1.100239636017092e+00

1.000000000000000e+00

0.000000000000000e+00
34

8.000000000000000e-09

1.099814781838311e+00

1.000000000000000e+00

0.000000000000000e+00
35

8.100000000000000e-09

1.099985400309144e+00

1.000000000000000e+00

9.999999999999923e-02
36

8.300000000000000e-09

1.100010418387744e+00

1.000000000000000e+00

2.999999999999994e-01
37

8.700000000000000e-09

1.101456883617755e+00

1.000000000000000e+00

6.999999999999996e-01
38

9.000000000000001e-09

1.098597695800405e+00

1.000000000000000e+00

1.000000000000000e+00
39

9.069594998187147e-09

1.099937733767578e+00

1.000000000000000e+00

1.000000000000000e+00
40

9.208784994561437e-09

1.100053760634005e+00

1.000000000000000e+00

1.000000000000000e+00
41

9.487164987310018e-09

1.099945515118347e+00

1.000000000000000e+00

1.000000000000000e+00
42

1.004392497280718e-08

1.100050151418146e+00

1.000000000000000e+00

1.000000000000000e+00
43

1.104392497280718e-08

1.099947322521805e+00

1.000000000000000e+00

1.000000000000000e+00
44

1.204392497280718e-08

1.100048887208082e+00

1.000000000000000e+00

1.000000000000000e+00
45

1.300000000000000e-08

1.099948595745288e+00

1.000000000000000e+00

1.000000000000000e+00
46

1.310000000000000e-08

1.099996884644428e+00

9.000000000000018e-01

9.000000000000010e-01
47

1.330000000000000e-08

1.100000007896361e+00

7.000000000000016e-01

7.000000000000008e-01
48

1.370000000000000e-08

1.099243142961970e+00

3.000000000000014e-01

3.000000000000006e-01
49

1.400000000000000e-08

1.100523503839761e+00

4.135689186945957e-16

0.000000000000000e+00
50

1.407307848106646e-08

1.100112616458405e+00

0.000000000000000e+00

0.000000000000000e+00
51

1.421923544319937e-08

1.099914565622725e+00

0.000000000000000e+00

0.000000000000000e+00
52

1.451154936746520e-08

1.100066513345173e+00

0.000000000000000e+00

0.000000000000000e+00
53

1.509617721599685e-08

1.099934273455460e+00

0.000000000000000e+00

0.000000000000000e+00
54

1.600000000000000e-08

1.100058200826436e+00

0.000000000000000e+00

0.000000000000000e+00
55

1.610000000000000e-08

1.100005000190581e+00

0.000000000000000e+00

1.000000000000009e-01
56

1.630000000000000e-08

1.099993045116572e+00

0.000000000000000e+00

2.999999999999994e-01
57

1.670000000000000e-08

1.101493407550940e+00

0.000000000000000e+00

6.999999999999996e-01
58

1.700000000000000e-08

1.098548297517723e+00

0.000000000000000e+00

9.999999999999990e-01
59

1.706736588372406e-08

1.099948173831482e+00

0.000000000000000e+00

1.000000000000000e+00
60

1.720209765117219e-08

1.100044489883583e+00

0.000000000000000e+00

1.000000000000000e+00
61

1.747156118606844e-08

1.099954197958526e+00

0.000000000000000e+00

1.000000000000000e+00
62

1.801048825586095e-08

1.100041763051460e+00

0.000000000000000e+00

1.000000000000000e+00
63

1.901048825586095e-08

1.099955534365493e+00

0.000000000000000e+00

1.000000000000000e+00
64

2.001048825586095e-08

1.100040852564570e+00

0.000000000000000e+00

1.000000000000000e+00
65

2.100000000000000e-08

1.099956432926554e+00

0.000000000000000e+00

9.999999999999986e-01
66

2.110000000000000e-08

1.099997320645057e+00

0.000000000000000e+00

8.999999999999977e-01
67

2.130000000000000e-08

1.099999514460692e+00

0.000000000000000e+00

6.999999999999992e-01
68

2.170000000000000e-08

5.247740689423327e-02

0.000000000000000e+00

2.999999999999989e-01
69

2.200000000000000e-08

-4.497281748784975e-02

0.000000000000000e+00

0.000000000000000e+00
70

2.206726076489233e-08

-4.859736958998184e-03

0.000000000000000e+00

0.000000000000000e+00
71

2.220178229467698e-08

3.841228140253768e-03

0.000000000000000e+00

0.000000000000000e+00
72

2.247082535424629e-08

-3.365191599304498e-03

0.000000000000000e+00

0.000000000000000e+00
73

2.300891147338490e-08

3.200610726302182e-03

0.000000000000000e+00

0.000000000000000e+00
74

2.400000000000000e-08

-3.062324783003092e-03

0.000000000000000e+00

0.000000000000000e+00
75

2.410000000000000e-08

-2.145236150396749e-04

0.000000000000000e+00

1.000000000000009e-01
76

2.430000000000000e-08

2.089855005395145e-04

0.000000000000000e+00

2.999999999999994e-01
77

2.470000000000000e-08

1.946542574604288e-04

0.000000000000000e+00

6.999999999999996e-01
78

2.500000000000000e-08

-2.451542922594849e-05

0.000000000000000e+00

9.999999999999990e-01
79

2.506928558872523e-08

5.958880359052561e-05

6.928558872523100e-02

1.000000000000000e+00
80

2.520785676617570e-08

-1.773945927978588e-05

2.078567661756930e-01

1.000000000000000e+00
81

2.548499912107662e-08

4.155939928975020e-05

4.849991210766170e-01

1.000000000000000e+00
82

2.600000000000000e-08

-6.710773255518500e-06

9.999999999999990e-01

1.000000000000000e+00
83

2.605542847098018e-08

-3.031852875470534e-06

1.000000000000000e+00

1.000000000000000e+00
84

2.616628541294055e-08

2.635037625466771e-05

1.000000000000000e+00

1.000000000000000e+00
85

2.638799929686130e-08

4.971666161880018e-06

1.000000000000000e+00

1.000000000000000e+00
86

2.683142706470278e-08

2.313840616231212e-05

1.000000000000000e+00

1.000000000000000e+00
87

2.771828260038574e-08

6.419199011794880e-06

1.000000000000000e+00

1.000000000000000e+00
88

2.871828260038573e-08

2.228894875588762e-05

1.000000000000000e+00

1.000000000000000e+00
89

2.900000000000000e-08

8.101271939543969e-06

1.000000000000000e+00

9.999999999999986e-01
90

2.910000000000001e-08

1.377085038166780e-05

1.000000000000000e+00

8.999999999999977e-01
91

2.930000000000000e-08

1.587033054304193e-05

1.000000000000000e+00

6.999999999999992e-01
92

2.970000000000000e-08

1.093693919262157e+00

1.000000000000000e+00

2.999999999999989e-01
93

3.000000000000000e-08

1.105151215959916e+00

1.000000000000000e+00

0.000000000000000e+00
94

3.006726306636384e-08

1.100343701575922e+00

1.000000000000000e+00

0.000000000000000e+00
95

3.020178919909152e-08

1.099733656642217e+00

1.000000000000000e+00

0.000000000000000e+00
96

3.047084146454688e-08

1.100230198038598e+00

1.000000000000000e+00

0.000000000000000e+00
97

3.100894599545761e-08

1.099781087156192e+00

1.000000000000000e+00

0.000000000000000e+00
98

3.200000000000000e-08

1.100208397171694e+00

1.000000000000000e+00

0.000000000000000e+00
99

3.210000000000000e-08

1.100015368044452e+00

1.000000000000000e+00

1.000000000000009e-01
100

3.230000000000000e-08

1.099985752590318e+00

1.000000000000000e+00

3.000000000000027e-01
101

3.270000000000000e-08

1.101502141972022e+00

1.000000000000000e+00

6.999999999999996e-01
102

3.300000000000000e-08

1.098554904890096e+00

1.000000000000000e+00

1.000000000000000e+00
103

3.306929923367885e-08

1.099934340982224e+00

1.000000000000000e+00

1.000000000000000e+00
104

3.320789770103654e-08

1.100056535756310e+00

1.000000000000000e+00

1.000000000000000e+00
105

3.348509463575192e-08

1.099942995470081e+00

1.000000000000000e+00

1.000000000000000e+00
106

3.403948850518267e-08

1.100052550131195e+00

1.000000000000000e+00

1.000000000000000e+00
107

3.503948850518268e-08

1.099944982034272e+00

1.000000000000000e+00

1.000000000000000e+00
108

3.603948850518268e-08

1.100051167182627e+00

1.000000000000000e+00

1.000000000000000e+00
109

3.700000000000000e-08

1.099946369958642e+00

1.000000000000000e+00

1.000000000000000e+00
110

3.710000000000000e-08

1.099996752864874e+00

1.000000000000000e+00

9.000000000000010e-01
111

3.730000000000000e-08

1.100000121055695e+00

1.000000000000000e+00

6.999999999999992e-01
112

3.770000000000000e-08

1.099243084962301e+00

1.000000000000000e+00

3.000000000000023e-01
113

3.800000000000000e-08

1.100523543456884e+00

1.000000000000000e+00

0.000000000000000e+00
114

3.807307512997468e-08

1.100112641955638e+00

9.269248700253190e-01

0.000000000000000e+00
115

3.821922538992404e-08

1.099914542488441e+00

7.807746100759616e-01

0.000000000000000e+00
116

3.851152590982276e-08

1.100066535998699e+00

4.884740901772469e-01

0.000000000000000e+00
117

3.900000000000001e-08

1.099935271179478e+00

0.000000000000000e+00

0.000000000000000e+00
118

3.905846010397975e-08

1.099986573130937e+00

0.000000000000000e+00

0.000000000000000e+00
119

3.917538031193923e-08

1.100005269239241e+00

0.000000000000000e+00

0.000000000000000e+00
120

3.940922072785821e-08

1.099992089639401e+00

0.000000000000000e+00

0.000000000000000e+00
121

3.987690155969616e-08

1.100003557185214e+00

0.000000000000000e+00

0.000000000000000e+00
122

4.000000000000000e-08

1.099994693217714e+00

0.000000000000000e+00

0.000000000000000e+00
123

4.009353616636759e-08

1.099997860214261e+00

0.000000000000000e+00

9.353616636759243e-02
124

4.028060849910277e-08

1.099998609933922e+00

0.000000000000000e+00

2.806084991027707e-01
125

4.065475316457313e-08

1.101584108242910e+00

0.000000000000000e+00

6.547531645731272e-01
126

4.100000000000000e-08

1.098453953443071e+00

0.000000000000000e+00

1.000000000000000e+00
127

4.106304632635426e-08

1.099941652752451e+00

0.000000000000000e+00

1.000000000000000e+00
128

4.118913897906278e-08

1.100050152565179e+00

0.000000000000000e+00

1.000000000000000e+00
129

4.144132428447982e-08

1.099948890336218e+00

0.000000000000000e+00

1.000000000000000e+00
130

4.194569489531389e-08

1.100046905529865e+00

0.000000000000000e+00

1.000000000000000e+00
131

4.294569489531389e-08

1.099950441130678e+00

0.000000000000000e+00

1.000000000000000e+00
132

4.394569489531390e-08

1.100045895630485e+00

0.000000000000000e+00

1.000000000000000e+00
133

4.494569489531390e-08

1.099951432517156e+00

0.000000000000000e+00

1.000000000000000e+00
134

4.500000000000000e-08

1.100037627827694e+00

0.000000000000000e+00

1.000000000000000e+00
135

4.510000000000000e-08

1.099999226482905e+00

0.000000000000000e+00

9.000000000000010e-01
136

4.530000000000000e-08

1.099997759388556e+00

0.000000000000000e+00

6.999999999999992e-01
137

4.570000000000000e-08

5.248666329805265e-02

0.000000000000000e+00

3.000000000000023e-01
138

4.600000000000000e-08

-4.498148182502976e-02

0.000000000000000e+00

0.000000000000000e+00
139

4.606724574957075e-08

-4.861869033267466e-03

0.000000000000000e+00

0.000000000000000e+00
140

4.620173724871224e-08

3.842660769144935e-03

0.000000000000000e+00

0.000000000000000e+00
141

4.647072024699523e-08

-3.366340002856025e-03

0.000000000000000e+00

0.000000000000000e+00
142

4.700868624356120e-08

3.201647346712271e-03

0.000000000000000e+00

0.000000000000000e+00
143

4.800000000000000e-08

-3.063340278500060e-03

0.000000000000000e+00

0.000000000000000e+00
144

4.810000000000000e-08

-2.146072595962250e-04

0.000000000000000e+00

9.999999999999427e-02
145

4.830000000000000e-08

2.090560284214506e-04

0.000000000000000e+00

2.999999999999960e-01
146

4.870000000000000e-08

1.945351592246813e-04

0.000000000000000e+00

6.999999999999930e-01
147

4.900000000000001e-08

-2.445783381207156e-05

0.000000000000000e+00

1.000000000000000e+00
148

4.906928630340648e-08

5.959491378245765e-05

0.000000000000000e+00

1.000000000000000e+00
149

4.920785891021942e-08

-1.774394893205465e-05

0.000000000000000e+00

1.000000000000000e+00
150

4.948500412384531e-08

4.156438691447488e-05

0.000000000000000e+00

1.000000000000000e+00
151

5.000000000000000e-08

-9.898167956755646e-06

0.000000000000000e+00

1.000000000000000e+00
152

5.005542904272518e-08

9.396651700778664e-06

5.542904272517956e-02

1.000000000000000e+00
153

5.016628712817554e-08

1.829021662407252e-05

1.662871281755321e-01

1.000000000000000e+00
154

5.038800329907624e-08

1.135531580129317e-05

3.880032990762370e-01

1.000000000000000e+00
155

5.083143564087766e-08

2.188484339004976e-05

8.314356408776536e-01

1.000000000000000e+00
156

5.100000000000001e-08

-1.285594425158084e-05

1.000000000000000e+00

1.000000000000000e+00
157

5.107460383468181e-08

2.292039605781693e-05

1.000000000000000e+00

1.000000000000000e+00
158

5.122381150404542e-08

8.683732962684836e-06

1.000000000000000e+00

1.000000000000000e+00
159

5.152222684277265e-08

1.938645211875648e-05

1.000000000000000e+00

1.000000000000000e+00
160

5.211905752022708e-08

1.017829150957338e-05

1.000000000000000e+00

1.000000000000000e+00
161

5.300000000000000e-08

1.862701877297564e-05

1.000000000000000e+00

1.000000000000000e+00
162

5.310000000000001e-08

1.512887996328627e-05

1.000000000000000e+00

9.000000000000010e-01
163

5.330000000000001e-08

1.475188244747104e-05

1.000000000000000e+00

6.999999999999992e-01
164

5.370000000000000e-08

1.093694072415131e+00

1.000000000000000e+00

3.000000000000023e-01
165

5.400000000000001e-08

1.105151181891119e+00

1.000000000000000e+00

0.000000000000000e+00
166

5.406726490739865e-08

1.100343674993390e+00

1.000000000000000e+00

0.000000000000000e+00
167

5.420179472219594e-08

1.099733672407624e+00

1.000000000000000e+00

0.000000000000000e+00
168

5.447085435179052e-08

1.100230186561301e+00

1.000000000000000e+00

0.000000000000000e+00
169

5.500897361097966e-08

1.099781097161198e+00

1.000000000000000e+00

0.000000000000000e+00
170

5.600000000000001e-08

1.100208387775550e+00

1.000000000000000e+00

0.000000000000000e+00
171

5.610000000000001e-08

1.100015366705939e+00

1.000000000000000e+00

1.000000000000009e-01
172

5.630000000000001e-08

1.099985753582769e+00

1.000000000000000e+00

3.000000000000027e-01
173

5.670000000000000e-08

1.101502140485009e+00

1.000000000000000e+00

6.999999999999996e-01
174

5.700000000000001e-08

1.098554905894586e+00

1.000000000000000e+00

1.000000000000000e+00
175

5.706929925600937e-08

1.099934341597824e+00

1.000000000000000e+00

1.000000000000000e+00
176

5.720789776802810e-08

1.100056535292716e+00

1.000000000000000e+00

1.000000000000000e+00
177

5.748509479206555e-08

1.099942995873180e+00

1.000000000000000e+00

1.000000000000000e+00
178

5.803948884014046e-08

1.100052549757977e+00

1.000000000000000e+00

1.000000000000000e+00
179

5.903948884014046e-08

1.099944982393777e+00

1.000000000000000e+00

1.000000000000000e+00
180

6.003948884014046e-08

1.100051166837479e+00

1.000000000000000e+00

1.000000000000000e+00
181

6.100000000000000e-08

1.099946370289672e+00

1.000000000000000e+00

1.000000000000000e+00
182

6.110000000000000e-08

1.099996752896592e+00

1.000000000000000e+00

9.000000000000076e-01
183

6.130000000000000e-08

1.100000121028643e+00

1.000000000000000e+00

7.000000000000058e-01
184

6.170000000000000e-08

1.099243084976942e+00

1.000000000000000e+00

3.000000000000023e-01
185

6.200000000000000e-08

1.100523543446121e+00

1.000000000000000e+00

6.203859041070681e-15
186

6.207307513000725e-08

1.100112641965194e+00

1.000000000000000e+00

0.000000000000000e+00
187

6.221922539002174e-08

1.099914542444988e+00

1.000000000000000e+00

0.000000000000000e+00
188

6.251152591005072e-08

1.100066536068431e+00

1.000000000000000e+00

0.000000000000000e+00
189

6.300000000000001e-08

1.099935271091845e+00

9.999999999999978e-01

0.000000000000000e+00
190

6.305846010400581e-08

1.099986573154023e+00

9.415398959941980e-01

0.000000000000000e+00
191

6.317538031201741e-08

1.100005269291462e+00

8.246196879825983e-01

0.000000000000000e+00
192

6.340922072804059e-08

1.099992089522897e+00

5.907792719594124e-01

0.000000000000000e+00
193

6.387690156008698e-08

1.100003557337703e+00

1.230984399130271e-01

0.000000000000000e+00
194

6.400000000000000e-08

1.099994692923274e+00

2.067953013690227e-15

0.000000000000000e+00
195

6.409353616640929e-08

1.099997860261705e+00

0.000000000000000e+00

9.353616640928233e-02
196

6.428060849922784e-08

1.099998609878496e+00

0.000000000000000e+00

2.806084992278338e-01
197

6.465475316486494e-08

1.101584108354216e+00

0.000000000000000e+00

6.547531648649366e-01
198

6.500000000000000e-08

1.098453953330708e+00

0.000000000000000e+00

9.999999999999957e-01
199

6.506304637927568e-08

1.099941652821192e+00

0.000000000000000e+00

1.000000000000000e+00
200

6.518913913782703e-08

1.100050152491574e+00

0.000000000000000e+00

1.000000000000000e+00
201

6.544132465492975e-08

1.099948890409087e+00

0.000000000000000e+00

1.000000000000000e+00
202

6.594569568913516e-08

1.100046905457335e+00

0.000000000000000e+00

1.000000000000000e+00
203

6.694569568913515e-08

1.099950441203598e+00

0.000000000000000e+00

1.000000000000000e+00
204

6.794569568913515e-08

1.100045895557342e+00

0.000000000000000e+00

1.000000000000000e+00
205

6.894569568913515e-08

1.099951432590427e+00

0.000000000000000e+00

1.000000000000000e+00
206

6.900000000000001e-08

1.100037627656135e+00

0.000000000000000e+00

9.999999999999952e-01
207

6.910000000000000e-08

1.099999226477990e+00

0.000000000000000e+00

9.000000000000010e-01
208

6.930000000000001e-08

1.099997759392929e+00

0.000000000000000e+00

6.999999999999992e-01
209

6.970000000000001e-08

5.248666327963350e-02

0.000000000000000e+00

2.999999999999957e-01
210

7.000000000000000e-08

-4.498148179744687e-02

0.000000000000000e+00

0.000000000000000e+00
211

7.006724574962642e-08

-4.861869026338150e-03

0.000000000000000e+00

0.000000000000000e+00
212

7.020173724887925e-08

3.842660764377098e-03

0.000000000000000e+00

0.000000000000000e+00
213

7.047072024738491e-08

-3.366339999061526e-03

0.000000000000000e+00

0.000000000000000e+00
214

7.100868624439621e-08

3.201647343269135e-03

0.000000000000000e+00

0.000000000000000e+00
215

7.200000000000001e-08

-3.063340275119353e-03

0.000000000000000e+00

0.000000000000000e+00
216

7.210000000000000e-08

-2.146072593433284e-04

0.000000000000000e+00

9.999999999999427e-02
217

7.230000000000001e-08

2.090560281812081e-04

0.000000000000000e+00

2.999999999999960e-01
218

7.270000000000001e-08

1.945351581442842e-04

0.000000000000000e+00

6.999999999999996e-01
219

7.300000000000001e-08

-2.445783390372773e-05

0.000000000000000e+00

9.999999999999957e-01
220

7.306928630340442e-08

5.959491377038625e-05

0.000000000000000e+00

1.000000000000000e+00
221

7.320785891021324e-08

-1.774394892482998e-05

0.000000000000000e+00

1.000000000000000e+00
222

7.348500412383090e-08

4.156438691017538e-05

0.000000000000000e+00

1.000000000000000e+00
223

7.403929455106620e-08

-1.007518623819836e-05

0.000000000000000e+00

1.000000000000000e+00
224

7.500000000000001e-08

3.785276349333938e-05

0.000000000000000e+00

1.000000000000000e+00
225

7.510000000000000e-08

1.731290746585858e-05

9.999999999999427e-02

1.000000000000000e+00
226

7.530000000000001e-08

1.223331266958682e-05

2.999999999999960e-01

1.000000000000000e+00
227

7.570000000000001e-08

2.203944001032046e-05

6.999999999999996e-01

1.000000000000000e+00
228

7.600000000000001e-08

-6.186496155340135e-06

9.999999999999957e-01

1.000000000000000e+00
229

7.606700891564017e-08

2.613753015998361e-05

1.000000000000000e+00

1.000000000000000e+00
230

7.620102674692051e-08

6.669321295462431e-06

1.000000000000000e+00

1.000000000000000e+00
231

7.646906240948117e-08

2.094924875309215e-05

1.000000000000000e+00

1.000000000000000e+00
232

7.700000000000001e-08

8.826282195762094e-06

1.000000000000000e+00

9.999999999999952e-01
233

7.705360713251215e-08

1.316141786615860e-05

1.000000000000000e+00

9.463928674878593e-01
234

7.716082139753642e-08

1.565228500947266e-05

1.000000000000000e+00

8.391786024635873e-01
235

7.737524992758495e-08

1.641348942258442e-05

1.000000000000000e+00

6.247500724150568e-01
236

7.780410698768201e-08

1.094134659931137e+00

1.000000000000000e+00

1.958930123179956e-01
237

7.800000000000001e-08

1.104674696502028e+00

1.000000000000000e+00

0.000000000000000e+00
238

7.807208933110532e-08

1.100279121004733e+00

1.000000000000000e+00

0.000000000000000e+00
239

7.821626799331593e-08

1.099778873956354e+00

1.000000000000000e+00

0.000000000000000e+00
240

7.850462531773715e-08

1.100192695868097e+00

1.000000000000000e+00

0.000000000000000e+00
241

7.908133996657959e-08

1.099815416515396e+00

1.000000000000000e+00

0.000000000000000e+00
242

8.000000000000001e-08

1.100174879278867e+00

1.000000000000000e+00

1.323488980084844e-14
243

8.010000000000001e-08

1.100012469691604e+00

1.000000000000000e+00

1.000000000000075e-01
244

8.030000000000001e-08

1.099987821703734e+00

1.000000000000000e+00

3.000000000000093e-01
245

8.070000000000000e-08

1.101498468128685e+00

1.000000000000000e+00

6.999999999999996e-01
246

8.100000000000000e-08

1.098557807706297e+00

1.000000000000000e+00

9.999999999999957e-01
247

8.106934032712707e-08

1.099935334065144e+00

1.000000000000000e+00

1.000000000000000e+00
248

8.120802098138121e-08

1.100055774133827e+00

1.000000000000000e+00

1.000000000000000e+00
249

8.148538228988951e-08

1.099943662248615e+00

1.000000000000000e+00

1.000000000000000e+00
250

8.204010490690609e-08

1.100051928113895e+00

1.000000000000000e+00

1.000000000000000e+00
251

8.304010490690608e-08

1.099945582024984e+00

1.000000000000000e+00

1.000000000000000e+00
252

8.404010490690608e-08

1.100050590088944e+00

1.000000000000000e+00

1.000000000000000e+00
253

8.500000000000001e-08

1.099946925947131e+00

1.000000000000000e+00

9.999999999999952e-01
254

8.510000000000000e-08

1.099996801900814e+00

1.000000000000000e+00

9.000000000000010e-01
255

8.530000000000000e-08

1.100000079336040e+00

1.000000000000000e+00

6.999999999999992e-01
256

8.570000000000001e-08

1.099243107441191e+00

1.000000000000000e+00

2.999999999999957e-01
257

8.600000000000000e-08

1.100523526427887e+00

1.000000000000000e+00

0.000000000000000e+00
258

8.607307450302785e-08

1.100112640826383e+00

1.000000000000000e+00

0.000000000000000e+00
259

8.621922350908356e-08

1.099914543238829e+00

1.000000000000000e+00

0.000000000000000e+00
260

8.651152152119497e-08

1.100066534926857e+00

1.000000000000000e+00

0.000000000000000e+00
261

8.709611754541779e-08

1.099934252541641e+00

1.000000000000000e+00

0.000000000000000e+00
262

8.800000000000001e-08

1.100058221773143e+00

1.000000000000000e+00

0.000000000000000e+00
263

8.810000000000000e-08

1.100005000857252e+00

9.000000000000101e-01

9.999999999999427e-02
264

8.830000000000000e-08

1.099993044307629e+00

7.000000000000083e-01

2.999999999999960e-01
265

8.870000000000001e-08

1.101493409256641e+00

3.000000000000048e-01

6.999999999999996e-01
266

8.900000000000000e-08

1.098548295866749e+00

8.685380973455503e-15

9.999999999999957e-01
267

8.906736765961937e-08

1.099948175477113e+00

0.000000000000000e+00

1.000000000000000e+00
268

8.920210297885811e-08

1.100044488507434e+00

0.000000000000000e+00

1.000000000000000e+00
269

8.947157361733559e-08

1.099954199310969e+00

0.000000000000000e+00

1.000000000000000e+00
270

9.001051489429055e-08

1.100041761704995e+00

0.000000000000000e+00

1.000000000000000e+00
271

9.101051489429055e-08

1.099955535718517e+00

0.000000000000000e+00

1.000000000000000e+00
272

9.201051489429054e-08

1.100040851204649e+00

0.000000000000000e+00

1.000000000000000e+00
273

9.300000000000001e-08

1.099956434303877e+00

0.000000000000000e+00

9.999999999999952e-01
274

9.310000000000001e-08

1.099997320626176e+00

0.000000000000000e+00

9.000000000000010e-01
275

9.330000000000001e-08

1.099999514484577e+00

0.000000000000000e+00

6.999999999999992e-01
276

9.370000000000001e-08

5.247740665234221e-02

0.000000000000000e+00

2.999999999999957e-01
277

9.400000000000001e-08

-4.497281715616679e-02

0.000000000000000e+00

0.000000000000000e+00
278

9.406726076477751e-08

-4.859736946477062e-03

0.000000000000000e+00

0.000000000000000e+00
279

9.420178229433252e-08

3.841228118845034e-03

0.000000000000000e+00

0.000000000000000e+00
280

9.447082535344254e-08

-3.365191575257230e-03

0.000000000000000e+00

0.000000000000000e+00
281

9.500891147166258e-08

3.200610701819132e-03

0.000000000000000e+00

0.000000000000000e+00
282

9.600000000000001e-08

-3.062324758352054e-03

0.000000000000000e+00

0.000000000000000e+00
283

9.610000000000001e-08

-2.145236149329596e-04

0.000000000000000e+00

9.999999999999427e-02
284

9.630000000000001e-08

2.089855000554933e-04

0.000000000000000e+00

2.999999999999960e-01
285

9.670000000000001e-08

1.946544394796621e-04

0.000000000000000e+00

6.999999999999996e-01
286

9.700000000000001e-08

-2.451544172813631e-05

0.000000000000000e+00

9.999999999999957e-01
287

9.706928558863588e-08

5.958871577270132e-05

0.000000000000000e+00

1.000000000000000e+00
288

9.720785676590761e-08

-1.773908791455054e-05

0.000000000000000e+00

1.000000000000000e+00
289

9.748499912045109e-08

4.155946203511441e-05

0.000000000000000e+00

1.000000000000000e+00
290

9.803928382953804e-08

-1.007087291814162e-05

0.000000000000000e+00

1.000000000000000e+00
291

9.903928382953804e-08

3.789910206733550e-05

0.000000000000000e+00

1.000000000000000e+00
292

1.000000000000000e-07

-7.527101242336165e-06

0.000000000000000e+00

1.000000000000000e+00
