Title:
*nand
Date:
Fri
Oct

1
16:15:02

2010
Plotname:
Transient
Analysis
Flags:
real
No.
Variables:
4
No.
Points:
299





Variables:

0
time
time

1
v(out)
voltage

2
v(a)
voltage

3
v(b)
voltage
Values:
0

0.000000000000000e+00

1.099999297977889e+00

0.000000000000000e+00

0.000000000000000e+00
1

5.000000000000001e-12

1.100275222522594e+00

5.500000000000001e-03

5.500000000000001e-03
2

1.000000000000000e-11

1.100379731316403e+00

1.100000000000000e-02

1.100000000000000e-02
3

2.000000000000000e-11

1.100460717994533e+00

2.200000000000000e-02

2.200000000000000e-02
4

4.000000000000000e-11

1.100444951324494e+00

4.400000000000000e-02

4.400000000000000e-02
5

8.000000000000001e-11

1.100477595256182e+00

8.800000000000001e-02

8.800000000000001e-02
6

1.600000000000000e-10

1.100512371460184e+00

1.760000000000000e-01

1.760000000000000e-01
7

3.200000000000000e-10

1.100342933160368e+00

3.520000000000000e-01

3.520000000000000e-01
8

4.985652795145400e-10

9.594661364587468e-01

5.484218074659940e-01

5.484218074659940e-01
9

8.466996451198088e-10

2.785982977092503e-02

9.313696096317897e-01

9.313696096317897e-01
10

1.000000000000000e-09

-1.879264316060421e-02

1.100000000000000e+00

1.100000000000000e+00
11

1.043416945477760e-09

-2.492319465847406e-03

1.100000000000000e+00

1.100000000000000e+00
12

1.130250836433279e-09

1.822947331474398e-03

1.100000000000000e+00

1.100000000000000e+00
13

1.303918618344317e-09

-1.552377172625924e-03

1.100000000000000e+00

1.100000000000000e+00
14

1.610412894757361e-09

1.425061028737824e-03

1.100000000000000e+00

1.100000000000000e+00
15

2.223401447583449e-09

-1.358350301178227e-03

1.100000000000000e+00

1.100000000000000e+00
16

3.223401447583450e-09

1.326509760465124e-03

1.100000000000000e+00

1.100000000000000e+00
17

4.223401447583449e-09

-1.286219005169847e-03

1.100000000000000e+00

1.100000000000000e+00
18

5.223401447583449e-09

1.256222653402686e-03

1.100000000000000e+00

1.100000000000000e+00
19

6.000000000000000e-09

-1.208389910475740e-03

1.100000000000000e+00

1.100000000000000e+00
20

6.100000000000000e-09

-3.937935486580019e-04

9.900000000000002e-01

1.100000000000000e+00
21

6.300000000000000e-09

1.512392770232667e-03

7.700000000000001e-01

1.100000000000000e+00
22

6.521552475893245e-09

1.832422186611227e-01

5.262922765174312e-01

1.100000000000000e+00
23

6.905270441801463e-09

1.078195162845878e+00

1.042025140183911e-01

1.100000000000000e+00
24

7.000000000000000e-09

1.112871731631070e+00

4.549312315749177e-16

1.100000000000000e+00
25

7.066180832230251e-09

1.100939859305192e+00

0.000000000000000e+00

1.100000000000000e+00
26

7.198542496690754e-09

1.099022156569761e+00

0.000000000000000e+00

1.100000000000000e+00
27

7.449240148614707e-09

1.100772828423421e+00

0.000000000000000e+00

1.100000000000000e+00
28

7.950635452462613e-09

1.099200736764215e+00

0.000000000000000e+00

1.100000000000000e+00
29

8.950635452462613e-09

1.100746189655544e+00

0.000000000000000e+00

1.100000000000000e+00
30

9.950635452462614e-09

1.099251636678521e+00

0.000000000000000e+00

1.100000000000000e+00
31

1.000000000000000e-08

1.100437253154390e+00

0.000000000000000e+00

1.100000000000000e+00
32

1.009872909507477e-08

1.100414358364109e+00

1.086020045822498e-01

1.100000000000000e+00
33

1.029618728522432e-08

1.099038510220508e+00

3.258060137467493e-01

1.100000000000000e+00
34

1.048399616901131e-08

6.452776105393165e-01

5.323957859124387e-01

1.100000000000000e+00
35

1.070678700697731e-08

1.099413919164961e-02

7.774657076750436e-01

1.100000000000000e+00
36

1.092071545538799e-08

-6.321596090147023e-03

1.012787000926789e+00

1.100000000000000e+00
37

1.100000000000000e-08

4.911823347979881e-03

1.100000000000000e+00

1.099999999999999e+00
38

1.102178265765302e-08

6.476336256573841e-04

1.100000000000000e+00

1.076039076581683e+00
39

1.106534797295904e-08

-1.482191620631925e-03

1.100000000000000e+00

1.028117229745052e+00
40

1.115247860357110e-08

-1.832446931287224e-04

1.100000000000000e+00

9.322735360717895e-01
41

1.132673986479521e-08

2.239281836433419e-03

1.100000000000000e+00

7.405861487252651e-01
42

1.152163180186907e-08

2.473611114467088e-01

1.100000000000000e+00

5.262050179440217e-01
43

1.181022493808795e-08

1.073727575704745e+00

1.100000000000000e+00

2.087525681032554e-01
44

1.200000000000000e-08

1.115986420489163e+00

1.100000000000000e+00

4.549312315749177e-16
45

1.205771862724377e-08

1.101483526996834e+00

1.100000000000000e+00

0.000000000000000e+00
46

1.217315588173133e-08

1.098790829280426e+00

1.100000000000000e+00

0.000000000000000e+00
47

1.240403039070643e-08

1.101082646856408e+00

1.100000000000000e+00

0.000000000000000e+00
48

1.281885227614798e-08

1.098972185328920e+00

1.100000000000000e+00

0.000000000000000e+00
49

1.364849604703109e-08

1.100991944050608e+00

1.100000000000000e+00

0.000000000000000e+00
50

1.464849604703109e-08

1.099025392794385e+00

1.100000000000000e+00

0.000000000000000e+00
51

1.564849604703109e-08

1.100945067217049e+00

1.100000000000000e+00

0.000000000000000e+00
52

1.600000000000000e-08

1.099111608285104e+00

1.099999999999999e+00

0.000000000000000e+00
53

1.610000000000000e-08

1.099761231583694e+00

9.899999999999984e-01

0.000000000000000e+00
54

1.630000000000000e-08

1.099802039794746e+00

7.700000000000001e-01

0.000000000000000e+00
55

1.670000000000000e-08

1.099756144552406e+00

3.299999999999998e-01

0.000000000000000e+00
56

1.700000000000000e-08

1.099817370576629e+00

4.549312315749177e-16

0.000000000000000e+00
57

1.708000000000000e-08

1.099988767163167e+00

0.000000000000000e+00

0.000000000000000e+00
58

1.724000000000000e-08

1.100002293461335e+00

0.000000000000000e+00

0.000000000000000e+00
59

1.756000000000000e-08

1.099989982763794e+00

0.000000000000000e+00

0.000000000000000e+00
60

1.820000000000000e-08

1.100002629167085e+00

0.000000000000000e+00

0.000000000000000e+00
61

1.920000000000000e-08

1.099991145230925e+00

0.000000000000000e+00

0.000000000000000e+00
62

2.000000000000000e-08

1.100003244828429e+00

0.000000000000000e+00

0.000000000000000e+00
63

2.010000000000000e-08

1.100461458915313e+00

1.100000000000010e-01

1.100000000000010e-01
64

2.030000000000000e-08

1.100227272227187e+00

3.299999999999993e-01

3.299999999999993e-01
65

2.051967522757789e-08

7.971594298732518e-01

5.716427503356794e-01

5.716427503356794e-01
66

2.081452397047357e-08

1.918955975388605e-02

8.959763675209246e-01

8.959763675209246e-01
67

2.100000000000000e-08

-1.238148505193331e-02

1.099999999999999e+00

1.099999999999999e+00
68

2.105891589407259e-08

-1.251370119444678e-03

1.100000000000000e+00

1.100000000000000e+00
69

2.117674768221778e-08

9.964279336899568e-04

1.100000000000000e+00

1.100000000000000e+00
70

2.141241125850816e-08

-8.833932429871265e-04

1.100000000000000e+00

1.100000000000000e+00
71

2.188373841108891e-08

8.378343482443023e-04

1.100000000000000e+00

1.100000000000000e+00
72

2.282639271625041e-08

-8.098830304692895e-04

1.100000000000000e+00

1.100000000000000e+00
73

2.382639271625041e-08

7.921762194537609e-04

1.100000000000000e+00

1.100000000000000e+00
74

2.482639271625040e-08

-7.668400166546335e-04

1.100000000000000e+00

1.100000000000000e+00
75

2.582639271625040e-08

7.502565877834851e-04

1.100000000000000e+00

1.100000000000000e+00
76

2.600000000000000e-08

-6.372021958535866e-04

1.099999999999999e+00

1.100000000000000e+00
77

2.610000000000000e-08

-3.573177881519998e-04

9.899999999999984e-01

1.100000000000000e+00
78

2.630000000000000e-08

1.477735363881142e-03

7.700000000000001e-01

1.100000000000000e+00
79

2.652195936706506e-08

1.857446211200383e-01

5.258446962284341e-01

1.100000000000000e+00
80

2.690488909847258e-08

1.078337323417207e+00

1.046219916801638e-01

1.100000000000000e+00
81

2.700000000000000e-08

1.112807543304376e+00

4.549312315749177e-16

1.100000000000000e+00
82

2.706863920166494e-08

1.100899624416843e+00

0.000000000000000e+00

1.100000000000000e+00
83

2.720591760499481e-08

1.099051811244574e+00

0.000000000000000e+00

1.100000000000000e+00
84

2.746082010713815e-08

1.100749387010256e+00

0.000000000000000e+00

1.100000000000000e+00
85

2.797062511142483e-08

1.099223593314440e+00

0.000000000000000e+00

1.100000000000000e+00
86

2.897062511142483e-08

1.100724365133932e+00

0.000000000000000e+00

1.100000000000000e+00
87

2.997062511142484e-08

1.099273089794892e+00

0.000000000000000e+00

1.100000000000000e+00
88

3.000000000000000e-08

1.100286119967774e+00

0.000000000000000e+00

1.100000000000000e+00
89

3.005874977715034e-08

1.100383829100696e+00

6.462475486537073e-02

1.100000000000000e+00
90

3.017624933145102e-08

1.100455855837575e+00

1.938742645961122e-01

1.100000000000000e+00
91

3.041124844005236e-08

1.047551433454104e+00

4.523732840575951e-01

1.100000000000000e+00
92

3.060735117321246e-08

1.040365870094770e-01

6.680862905337025e-01

1.100000000000000e+00
93

3.074547650927149e-08

-4.813605107547907e-02

8.200241601986383e-01

1.100000000000000e+00
94

3.089630823592276e-08

3.938327612129782e-02

9.859390595150278e-01

1.100000000000000e+00
95

3.100000000000000e-08

-2.794359029843518e-02

1.099999999999995e+00

1.100000000000000e+00
96

3.102703912383296e-08

-6.131533431627939e-03

1.100000000000000e+00

1.070256963783744e+00
97

3.108111737149888e-08

2.510706292583332e-03

1.100000000000000e+00

1.010770891351229e+00
98

3.118927386683072e-08

-3.273289068568565e-03

1.100000000000000e+00

8.917987464862077e-01
99

3.136684679684089e-08

1.050456570398714e-02

1.100000000000000e+00

6.964685234750243e-01
100

3.157903798311874e-08

5.945422172821131e-01

1.100000000000000e+00

4.630582185693877e-01
101

3.178873043777630e-08

1.104688528590289e+00

1.100000000000000e+00

2.323965184460701e-01
102

3.200000000000000e-08

1.095193171834202e+00

1.100000000000000e+00

0.000000000000000e+00
103

3.202121756032704e-08

1.098916224153590e+00

1.100000000000000e+00

0.000000000000000e+00
104

3.206365268098111e-08

1.100596634262017e+00

1.100000000000000e+00

0.000000000000000e+00
105

3.214852292228926e-08

1.099546651485156e+00

1.100000000000000e+00

0.000000000000000e+00
106

3.231826340490554e-08

1.100387908619265e+00

1.100000000000000e+00

0.000000000000000e+00
107

3.265774437013813e-08

1.099633421463505e+00

1.100000000000000e+00

0.000000000000000e+00
108

3.333670630060329e-08

1.100348397678375e+00

1.100000000000000e+00

0.000000000000000e+00
109

3.433670630060329e-08

1.099654521402665e+00

1.100000000000000e+00

0.000000000000000e+00
110

3.533670630060330e-08

1.100331850812444e+00

1.100000000000000e+00

0.000000000000000e+00
111

3.600000000000000e-08

1.099674664150622e+00

1.099999999999999e+00

0.000000000000000e+00
112

3.610000000000001e-08

1.099793900834418e+00

9.899999999999984e-01

0.000000000000000e+00
113

3.630000000000001e-08

1.099773261387270e+00

7.699999999999965e-01

0.000000000000000e+00
114

3.670000000000000e-08

1.099773107793940e+00

3.299999999999998e-01

0.000000000000000e+00
115

3.700000000000001e-08

1.099804301197443e+00

0.000000000000000e+00

0.000000000000000e+00
116

3.708000000000001e-08

1.099988259823905e+00

0.000000000000000e+00

0.000000000000000e+00
117

3.724000000000001e-08

1.100002769085107e+00

0.000000000000000e+00

0.000000000000000e+00
118

3.756000000000001e-08

1.099989530842835e+00

0.000000000000000e+00

0.000000000000000e+00
119

3.820000000000000e-08

1.100003073227478e+00

0.000000000000000e+00

0.000000000000000e+00
120

3.920000000000001e-08

1.099990707500712e+00

0.000000000000000e+00

0.000000000000000e+00
121

4.000000000000000e-08

1.100003676238283e+00

0.000000000000000e+00

0.000000000000000e+00
122

4.010000000000000e-08

1.100461474216459e+00

1.100000000000010e-01

1.100000000000010e-01
123

4.030000000000000e-08

1.100227273678981e+00

3.300000000000030e-01

3.300000000000030e-01
124

4.051967488830807e-08

7.971623338837701e-01

5.716423771388712e-01

5.716423771388712e-01
125

4.081452422662921e-08

1.918974956201625e-02

8.959766492921295e-01

8.959766492921295e-01
126

4.100000000000000e-08

-1.238163044344521e-02

1.100000000000000e+00

1.100000000000000e+00
127

4.105891766563215e-08

-1.251351059040585e-03

1.100000000000000e+00

1.100000000000000e+00
128

4.117675299689646e-08

9.964197753019582e-04

1.100000000000000e+00

1.100000000000000e+00
129

4.141242365942508e-08

-8.833890818916633e-04

1.100000000000000e+00

1.100000000000000e+00
130

4.188376498448230e-08

8.378318693651388e-04

1.100000000000000e+00

1.100000000000000e+00
131

4.282644763459676e-08

-8.098813299107374e-04

1.100000000000000e+00

1.100000000000000e+00
132

4.382644763459676e-08

7.921745627800260e-04

1.100000000000000e+00

1.100000000000000e+00
133

4.482644763459677e-08

-7.668384054769799e-04

1.100000000000000e+00

1.100000000000000e+00
134

4.582644763459677e-08

7.502550182298609e-04

1.100000000000000e+00

1.100000000000000e+00
135

4.600000000000000e-08

-6.371688287549783e-04

1.099999999999999e+00

1.100000000000000e+00
136

4.610000000000000e-08

-3.573156551407167e-04

9.899999999999984e-01

1.100000000000000e+00
137

4.630000000000000e-08

1.477733296444415e-03

7.699999999999965e-01

1.100000000000000e+00
138

4.652195939086435e-08

1.857447681101199e-01

5.258446700492115e-01

1.100000000000000e+00
139

4.690488907570457e-08

1.078337331736757e+00

1.046220167249719e-01

1.100000000000000e+00
140

4.700000000000000e-08

1.112807539550782e+00

0.000000000000000e+00

1.100000000000000e+00
141

4.706863935360987e-08

1.100899622034738e+00

0.000000000000000e+00

1.100000000000000e+00
142

4.720591806082960e-08

1.099051813019935e+00

0.000000000000000e+00

1.100000000000000e+00
143

4.746082081878229e-08

1.100749385607909e+00

0.000000000000000e+00

1.100000000000000e+00
144

4.797062633468768e-08

1.099223594683832e+00

0.000000000000000e+00

1.100000000000000e+00
145

4.897062633468769e-08

1.100724363826596e+00

0.000000000000000e+00

1.100000000000000e+00
146

4.997062633468769e-08

1.099273091080101e+00

0.000000000000000e+00

1.100000000000000e+00
147

5.000000000000000e-08

1.100286106887965e+00

0.000000000000000e+00

1.100000000000000e+00
148

5.005874733062461e-08

1.100383826508949e+00

6.462206368707805e-02

1.100000000000000e+00
149

5.017624199187385e-08

1.100455852772512e+00

1.938661910612341e-01

1.100000000000000e+00
150

5.041123131437231e-08

1.047575610583567e+00

4.523544458095464e-01

1.100000000000000e+00
151

5.060730616808715e-08

1.040803151076223e-01

6.680367848958636e-01

1.100000000000000e+00
152

5.074541794327936e-08

-4.813955591141272e-02

8.199597376073001e-01

1.100000000000000e+00
153

5.089623543953220e-08

3.938572897281099e-02

9.858589834854216e-01

1.100000000000000e+00
154

5.100000000000000e-08

-2.795004502524839e-02

1.100000000000000e+00

1.100000000000000e+00
155

5.102704055397542e-08

-6.132587880413712e-03

1.100000000000000e+00

1.070255390627039e+00
156

5.108112166192626e-08

2.511437551022794e-03

1.100000000000000e+00

1.010766171881116e+00
157

5.118928387782794e-08

-3.273887757039941e-03

1.100000000000000e+00

8.917877343892687e-01
158

5.136684253036596e-08

1.050425631377826e-02

1.100000000000000e+00

6.964732165974422e-01
159

5.157902098502750e-08

5.944237721426981e-01

1.100000000000000e+00

4.630769164697515e-01
160

5.178872546235546e-08

1.104677461029473e+00

1.100000000000000e+00

2.324019914089969e-01
161

5.200000000000000e-08

1.095200584420353e+00

1.100000000000000e+00

0.000000000000000e+00
162

5.202121997242720e-08

1.098917987884539e+00

1.100000000000000e+00

0.000000000000000e+00
163

5.206365991728159e-08

1.100595700566008e+00

1.100000000000000e+00

0.000000000000000e+00
164

5.214853980699037e-08

1.099547339272891e+00

1.100000000000000e+00

0.000000000000000e+00
165

5.231829958640792e-08

1.100387319228844e+00

1.100000000000000e+00

0.000000000000000e+00
166

5.265781914524304e-08

1.099633967929688e+00

1.100000000000000e+00

0.000000000000000e+00
167

5.333685826291326e-08

1.100347872155339e+00

1.100000000000000e+00

0.000000000000000e+00
168

5.433685826291326e-08

1.099655034791541e+00

1.100000000000000e+00

0.000000000000000e+00
169

5.533685826291327e-08

1.100331350056155e+00

1.100000000000000e+00

0.000000000000000e+00
170

5.600000000000000e-08

1.099675150055095e+00

1.099999999999999e+00

0.000000000000000e+00
171

5.610000000000000e-08

1.099793929028146e+00

9.899999999999984e-01

0.000000000000000e+00
172

5.630000000000000e-08

1.099773236550022e+00

7.699999999999965e-01

0.000000000000000e+00
173

5.670000000000000e-08

1.099773122433519e+00

3.299999999999998e-01

0.000000000000000e+00
174

5.700000000000000e-08

1.099804289916997e+00

0.000000000000000e+00

0.000000000000000e+00
175

5.708000000000000e-08

1.099988259385006e+00

0.000000000000000e+00

0.000000000000000e+00
176

5.724000000000000e-08

1.100002769494750e+00

0.000000000000000e+00

0.000000000000000e+00
177

5.756000000000000e-08

1.099989530452013e+00

0.000000000000000e+00

0.000000000000000e+00
178

5.820000000000000e-08

1.100003073610113e+00

0.000000000000000e+00

0.000000000000000e+00
179

5.920000000000000e-08

1.099990707122546e+00

0.000000000000000e+00

0.000000000000000e+00
180

5.999999999999999e-08

1.100003676610288e+00

0.000000000000000e+00

0.000000000000000e+00
181

6.009999999999999e-08

1.100461474228426e+00

1.099999999999792e-01

1.099999999999792e-01
182

6.029999999999999e-08

1.100227273663386e+00

3.299999999999811e-01

3.299999999999811e-01
183

6.051967488802718e-08

7.971623363446964e-01

5.716423768298914e-01

5.716423768298914e-01
184

6.081452422687466e-08

1.918974971322645e-02

8.959766495621219e-01

8.959766495621219e-01
185

6.100000000000000e-08

-1.238163055973789e-02

1.099999999999995e+00

1.099999999999995e+00
186

6.105891766714312e-08

-1.251351041950212e-03

1.100000000000000e+00

1.100000000000000e+00
187

6.117675300142934e-08

9.964197676820498e-04

1.100000000000000e+00

1.100000000000000e+00
188

6.141242367000177e-08

-8.833890777541663e-04

1.100000000000000e+00

1.100000000000000e+00
189

6.188376500714664e-08

8.378318666950168e-04

1.100000000000000e+00

1.100000000000000e+00
190

6.282644768143638e-08

-8.098813279207738e-04

1.100000000000000e+00

1.100000000000000e+00
191

6.382644768143638e-08

7.921745608416736e-04

1.100000000000000e+00

1.100000000000000e+00
192

6.482644768143637e-08

-7.668384035920246e-04

1.100000000000000e+00

1.100000000000000e+00
193

6.582644768143637e-08

7.502550163938346e-04

1.100000000000000e+00

1.100000000000000e+00
194

6.600000000000001e-08

-6.371687998641762e-04

1.099999999999999e+00

1.100000000000000e+00
195

6.610000000000000e-08

-3.573156532936517e-04

9.900000000000057e-01

1.100000000000000e+00
196

6.630000000000000e-08

1.477733294653861e-03

7.700000000000037e-01

1.100000000000000e+00
197

6.652195939088495e-08

1.857447682373201e-01

5.258446700265588e-01

1.100000000000000e+00
198

6.690488907568492e-08

1.078337331743960e+00

1.046220167465984e-01

1.100000000000000e+00
199

6.700000000000000e-08

1.112807539547530e+00

4.094489504391507e-15

1.100000000000000e+00
200

6.706863935374140e-08

1.100899622032676e+00

0.000000000000000e+00

1.100000000000000e+00
201

6.720591806122417e-08

1.099051813021472e+00

0.000000000000000e+00

1.100000000000000e+00
202

6.746082081939821e-08

1.100749385606695e+00

0.000000000000000e+00

1.100000000000000e+00
203

6.797062633574631e-08

1.099223594685017e+00

0.000000000000000e+00

1.100000000000000e+00
204

6.897062633574631e-08

1.100724363825463e+00

0.000000000000000e+00

1.100000000000000e+00
205

6.997062633574630e-08

1.099273091081214e+00

0.000000000000000e+00

1.100000000000000e+00
206

7.000000000000000e-08

1.100286106876645e+00

0.000000000000000e+00

1.100000000000000e+00
207

7.005874732850741e-08

1.100383826506706e+00

6.462206135814508e-02

1.100000000000000e+00
208

7.017624198552222e-08

1.100455852769860e+00

1.938661840744353e-01

1.100000000000000e+00
209

7.041123129955184e-08

1.047575631501073e+00

4.523544295070156e-01

1.100000000000000e+00
210

7.060730612915113e-08

1.040803529510744e-01

6.680367420662342e-01

1.100000000000000e+00
211

7.074541789261418e-08

-4.813955894061686e-02

8.199596818755914e-01

1.100000000000000e+00
212

7.089623537655872e-08

3.938573109300177e-02

9.858589142145880e-01

1.100000000000000e+00
213

7.100000000000000e-08

-2.795005060492154e-02

1.099999999999995e+00

1.100000000000000e+00
214

7.102704055521488e-08

-6.132588791363739e-03

1.100000000000000e+00

1.070255389263640e+00
215

7.108112166564464e-08

2.511438183036408e-03

1.100000000000000e+00

1.010766167790903e+00
216

7.118928388650415e-08

-3.273888274522476e-03

1.100000000000000e+00

8.917877248454434e-01
217

7.136684252671782e-08

1.050425605409415e-02

1.100000000000000e+00

6.964732206104084e-01
218

7.157902097039733e-08

5.944236701645736e-01

1.100000000000000e+00

4.630769325629474e-01
219

7.178872545806748e-08

1.104677451503447e+00

1.100000000000000e+00

2.324019961257806e-01
220

7.200000000000001e-08

1.095200590800302e+00

1.100000000000000e+00

0.000000000000000e+00
221

7.202121997450169e-08

1.098917989402369e+00

1.100000000000000e+00

0.000000000000000e+00
222

7.206365992350502e-08

1.100595699762400e+00

1.100000000000000e+00

0.000000000000000e+00
223

7.214853982151171e-08

1.099547339864884e+00

1.100000000000000e+00

0.000000000000000e+00
224

7.231829961752508e-08

1.100387318721531e+00

1.100000000000000e+00

0.000000000000000e+00
225

7.265781920955183e-08

1.099633968400061e+00

1.100000000000000e+00

0.000000000000000e+00
226

7.333685839360531e-08

1.100347871702990e+00

1.100000000000000e+00

0.000000000000000e+00
227

7.433685839360531e-08

1.099655035233445e+00

1.100000000000000e+00

0.000000000000000e+00
228

7.533685839360530e-08

1.100331349625124e+00

1.100000000000000e+00

0.000000000000000e+00
229

7.600000000000001e-08

1.099675150473336e+00

1.099999999999999e+00

0.000000000000000e+00
230

7.610000000000000e-08

1.099793929052413e+00

9.900000000000057e-01

0.000000000000000e+00
231

7.630000000000000e-08

1.099773236528644e+00

7.700000000000037e-01

0.000000000000000e+00
232

7.670000000000001e-08

1.099773122446120e+00

3.299999999999998e-01

0.000000000000000e+00
233

7.700000000000000e-08

1.099804289907288e+00

4.094489504391507e-15

0.000000000000000e+00
234

7.708000000000000e-08

1.099988259384628e+00

0.000000000000000e+00

0.000000000000000e+00
235

7.724000000000000e-08

1.100002769495102e+00

0.000000000000000e+00

0.000000000000000e+00
236

7.755999999999999e-08

1.099989530451676e+00

0.000000000000000e+00

0.000000000000000e+00
237

7.819999999999999e-08

1.100003073610442e+00

0.000000000000000e+00

0.000000000000000e+00
238

7.919999999999998e-08

1.099990707122221e+00

0.000000000000000e+00

0.000000000000000e+00
239

8.000000000000000e-08

1.100003676610608e+00

0.000000000000000e+00

0.000000000000000e+00
240

8.010000000000000e-08

1.100461474228437e+00

1.099999999999937e-01

1.099999999999937e-01
241

8.030000000000000e-08

1.100227273663372e+00

3.299999999999957e-01

3.299999999999957e-01
242

8.051967488802694e-08

7.971623363467875e-01

5.716423768296294e-01

5.716423768296294e-01
243

8.081452422687486e-08

1.918974971335551e-02

8.959766495623402e-01

8.959766495623402e-01
244

8.100000000000000e-08

-1.238163055983708e-02

1.099999999999995e+00

1.099999999999995e+00
245

8.105891766714439e-08

-1.251351041935669e-03

1.100000000000000e+00

1.100000000000000e+00
246

8.117675300143318e-08

9.964197676755832e-04

1.100000000000000e+00

1.100000000000000e+00
247

8.141242367001076e-08

-8.833890777506629e-04

1.100000000000000e+00

1.100000000000000e+00
248

8.188376500716593e-08

8.378318666927715e-04

1.100000000000000e+00

1.100000000000000e+00
249

8.282644768147624e-08

-8.098813279191550e-04

1.100000000000000e+00

1.100000000000000e+00
250

8.382644768147623e-08

7.921745608400406e-04

1.100000000000000e+00

1.100000000000000e+00
251

8.482644768147623e-08

-7.668384035904600e-04

1.100000000000000e+00

1.100000000000000e+00
252

8.582644768147623e-08

7.502550163923047e-04

1.100000000000000e+00

1.100000000000000e+00
253

8.600000000000000e-08

-6.371687998396066e-04

1.099999999999999e+00

1.100000000000000e+00
254

8.610000000000000e-08

-3.573156532921241e-04

9.900000000000057e-01

1.100000000000000e+00
255

8.630000000000000e-08

1.477733294652361e-03

7.700000000000037e-01

1.100000000000000e+00
256

8.652195939088497e-08

1.857447682374768e-01

5.258446700265297e-01

1.100000000000000e+00
257

8.690488907568486e-08

1.078337331743966e+00

1.046220167466567e-01

1.100000000000000e+00
258

8.700000000000000e-08

1.112807539547528e+00

4.094489504391507e-15

1.100000000000000e+00
259

8.706863935374152e-08

1.100899622032674e+00

0.000000000000000e+00

1.100000000000000e+00
260

8.720591806122457e-08

1.099051813021473e+00

0.000000000000000e+00

1.100000000000000e+00
261

8.746082081939889e-08

1.100749385606694e+00

0.000000000000000e+00

1.100000000000000e+00
262

8.797062633574754e-08

1.099223594685019e+00

0.000000000000000e+00

1.100000000000000e+00
263

8.897062633574753e-08

1.100724363825462e+00

0.000000000000000e+00

1.100000000000000e+00
264

8.997062633574753e-08

1.099273091081215e+00

0.000000000000000e+00

1.100000000000000e+00
265

9.000000000000000e-08

1.100286106876633e+00

0.000000000000000e+00

1.100000000000000e+00
266

9.005874732850494e-08

1.100383826506704e+00

6.462206135543723e-02

1.100000000000000e+00
267

9.017624198551483e-08

1.100455852769857e+00

1.938661840663117e-01

1.100000000000000e+00
268

9.041123129953460e-08

1.047575631525395e+00

4.523544294880606e-01

1.100000000000000e+00
269

9.060730612910586e-08

1.040803529950709e-01

6.680367420164446e-01

1.100000000000000e+00
270

9.074541789255528e-08

-4.813955894413951e-02

8.199596818108067e-01

1.100000000000000e+00
271

9.089623537648551e-08

3.938573109546734e-02

9.858589141340657e-01

1.100000000000000e+00
272

9.099999999999999e-08

-2.795005061140818e-02

1.099999999999995e+00

1.100000000000000e+00
273

9.102704055521632e-08

-6.132588792422865e-03

1.100000000000000e+00

1.070255389262053e+00
274

9.108112166564895e-08

2.511438183771374e-03

1.100000000000000e+00

1.010766167786157e+00
275

9.118928388651422e-08

-3.273888275124185e-03

1.100000000000000e+00

8.917877248343645e-01
276

9.136684252671355e-08

1.050425605378847e-02

1.100000000000000e+00

6.964732206150962e-01
277

9.157902097038029e-08

5.944236700458657e-01

1.100000000000000e+00

4.630769325816840e-01
278

9.178872545806248e-08

1.104677451492357e+00

1.100000000000000e+00

2.324019961312691e-01
279

9.200000000000000e-08

1.095200590807729e+00

1.100000000000000e+00

0.000000000000000e+00
280

9.202121997450409e-08

1.098917989404136e+00

1.100000000000000e+00

0.000000000000000e+00
281

9.206365992351227e-08

1.100595699761465e+00

1.100000000000000e+00

0.000000000000000e+00
282

9.214853982152862e-08

1.099547339865573e+00

1.100000000000000e+00

0.000000000000000e+00
283

9.231829961756133e-08

1.100387318720941e+00

1.100000000000000e+00

0.000000000000000e+00
284

9.265781920962673e-08

1.099633968400608e+00

1.100000000000000e+00

0.000000000000000e+00
285

9.333685839375754e-08

1.100347871702464e+00

1.100000000000000e+00

0.000000000000000e+00
286

9.433685839375754e-08

1.099655035233960e+00

1.100000000000000e+00

0.000000000000000e+00
287

9.533685839375754e-08

1.100331349624623e+00

1.100000000000000e+00

0.000000000000000e+00
288

9.600000000000000e-08

1.099675150473823e+00

1.099999999999999e+00

0.000000000000000e+00
289

9.609999999999999e-08

1.099793929052442e+00

9.900000000000057e-01

0.000000000000000e+00
290

9.630000000000000e-08

1.099773236528619e+00

7.700000000000037e-01

0.000000000000000e+00
291

9.670000000000000e-08

1.099773122446135e+00

3.299999999999998e-01

0.000000000000000e+00
292

9.700000000000000e-08

1.099804289907276e+00

4.094489504391507e-15

0.000000000000000e+00
293

9.707999999999999e-08

1.099988259384628e+00

0.000000000000000e+00

0.000000000000000e+00
294

9.723999999999999e-08

1.100002769495103e+00

0.000000000000000e+00

0.000000000000000e+00
295

9.755999999999998e-08

1.099989530451676e+00

0.000000000000000e+00

0.000000000000000e+00
296

9.819999999999998e-08

1.100003073610443e+00

0.000000000000000e+00

0.000000000000000e+00
297

9.919999999999998e-08

1.099990707122221e+00

0.000000000000000e+00

0.000000000000000e+00
298

1.000000000000000e-07

1.100003676610608e+00

0.000000000000000e+00

0.000000000000000e+00
