Title:
*nor
Date:
Wed
Sep

1
12:04:42

2010
Plotname:
Transient
Analysis
Flags:
real
No.
Variables:
4
No.
Points:
281





Variables:

0
time
time

1
v(out)
voltage

2
v(a)
voltage

3
v(b)
voltage
Values:
0

0.000000000000000e+00

1.099989362818825e+00

0.000000000000000e+00

0.000000000000000e+00
1

5.000000000000001e-12

1.099999728042108e+00

5.500000000000001e-03

5.500000000000001e-03
2

1.000000000000000e-11

1.100010308481608e+00

1.100000000000000e-02

1.100000000000000e-02
3

2.000000000000000e-11

1.100031386473834e+00

2.200000000000000e-02

2.200000000000000e-02
4

4.000000000000000e-11

1.100072724181434e+00

4.400000000000000e-02

4.400000000000000e-02
5

8.000000000000001e-11

1.100151461054210e+00

8.800000000000001e-02

8.800000000000001e-02
6

1.600000000000000e-10

1.100269441456564e+00

1.760000000000000e-01

1.760000000000000e-01
7

3.200000000000000e-10

1.097360103215104e+00

3.520000000000000e-01

3.520000000000000e-01
8

6.400000000000001e-10

9.344035820058127e-01

7.040000000000001e-01

7.040000000000001e-01
9

1.000000000000000e-09

3.939202828944448e-01

1.100000000000000e+00

1.100000000000000e+00
10

1.041400903895050e-09

3.188621569288100e-01

1.100000000000000e+00

1.100000000000000e+00
11

1.124202711685150e-09

1.915570192182107e-01

1.100000000000000e+00

1.100000000000000e+00
12

1.289806327265350e-09

5.352582178492583e-02

1.100000000000000e+00

1.100000000000000e+00
13

1.408626397878305e-09

2.010855569501279e-02

1.100000000000000e+00

1.100000000000000e+00
14

1.540103133601821e-09

6.430353473828032e-03

1.100000000000000e+00

1.100000000000000e+00
15

1.686862561778998e-09

1.702446622730258e-03

1.100000000000000e+00

1.100000000000000e+00
16

1.911624130041778e-09

9.643760777176924e-05

1.100000000000000e+00

1.100000000000000e+00
17

2.225637195058908e-09

-8.750029458801547e-06

1.100000000000000e+00

1.100000000000000e+00
18

2.803915228667472e-09

5.912414776840826e-06

1.100000000000000e+00

1.100000000000000e+00
19

3.803915228667473e-09

-2.232143874209217e-06

1.100000000000000e+00

1.100000000000000e+00
20

4.803915228667473e-09

2.544519848984738e-06

1.100000000000000e+00

1.100000000000000e+00
21

5.803915228667472e-09

-3.858290187494335e-07

1.100000000000000e+00

1.100000000000000e+00
22

6.000000000000000e-09

5.555082434216588e-07

1.100000000000000e+00

1.100000000000000e+00
23

6.100000000000000e-09

-4.541589063821010e-05

9.900000000000002e-01

1.100000000000000e+00
24

6.300000000000000e-09

-9.932611684609586e-05

7.700000000000001e-01

1.100000000000000e+00
25

6.700000000000000e-09

-1.221347076164965e-04

3.299999999999998e-01

1.100000000000000e+00
26

7.000000000000000e-09

-1.139813381760006e-04

4.549312315749177e-16

1.100000000000000e+00
27

7.080000000000000e-09

-8.630253380678929e-05

0.000000000000000e+00

1.100000000000000e+00
28

7.240000000000000e-09

-4.433228723541550e-05

0.000000000000000e+00

1.100000000000000e+00
29

7.560000000000000e-09

-9.429175213256768e-06

0.000000000000000e+00

1.100000000000000e+00
30

8.199999999999999e-09

1.672637550727738e-06

0.000000000000000e+00

1.100000000000000e+00
31

9.200000000000000e-09

6.983506544276817e-08

0.000000000000000e+00

1.100000000000000e+00
32

1.000000000000000e-08

5.625322810811385e-07

0.000000000000000e+00

1.100000000000000e+00
33

1.010000000000000e-08

3.072333577103199e-05

1.099999999999992e-01

1.100000000000000e+00
34

1.030000000000000e-08

7.925260037483762e-05

3.299999999999993e-01

1.100000000000000e+00
35

1.070000000000000e-08

1.153873538994724e-04

7.699999999999997e-01

1.100000000000000e+00
36

1.100000000000000e-08

1.075342644670860e-04

1.100000000000000e+00

1.099999999999999e+00
37

1.108000000000000e-08

1.574660588108078e-05

1.100000000000000e+00

1.012000000000000e+00
38

1.124000000000000e-08

-7.162321637357025e-05

1.100000000000000e+00

8.360000000000003e-01
39

1.156000000000000e-08

6.241804312376662e-06

1.100000000000000e+00

4.839999999999997e-01
40

1.200000000000000e-08

8.959876730306794e-05

1.100000000000000e+00

4.549312315749177e-16
41

1.206400000000000e-08

9.752258249524998e-05

1.100000000000000e+00

0.000000000000000e+00
42

1.219200000000000e-08

9.508750970465243e-05

1.100000000000000e+00

0.000000000000000e+00
43

1.244800000000000e-08

5.773928623643042e-05

1.100000000000000e+00

0.000000000000000e+00
44

1.296000000000000e-08

1.812302852813330e-05

1.100000000000000e+00

0.000000000000000e+00
45

1.396000000000000e-08

5.866551937366367e-06

1.100000000000000e+00

0.000000000000000e+00
46

1.496000000000000e-08

4.647315673696203e-06

1.100000000000000e+00

0.000000000000000e+00
47

1.596000000000000e-08

3.152375753321467e-06

1.100000000000000e+00

0.000000000000000e+00
48

1.600000000000000e-08

3.134695303615533e-06

1.099999999999999e+00

0.000000000000000e+00
49

1.608000000000001e-08

-4.714468394292941e-05

1.011999999999994e+00

0.000000000000000e+00
50

1.624000000000002e-08

-1.263838966870657e-04

8.359999999999840e-01

0.000000000000000e+00
51

1.656000000000003e-08

1.243618580876149e-02

4.839999999999633e-01

0.000000000000000e+00
52

1.698272060748315e-08

1.100094426154684e-01

1.900733176853930e-02

0.000000000000000e+00
53

1.700000000000000e-08

1.166376276046315e-01

4.549312315749177e-16

0.000000000000000e+00
54

1.703455878503371e-08

1.299558995681693e-01

0.000000000000000e+00

0.000000000000000e+00
55

1.710367635510112e-08

1.565188759672252e-01

0.000000000000000e+00

0.000000000000000e+00
56

1.724191149523595e-08

2.091827722805783e-01

0.000000000000000e+00

0.000000000000000e+00
57

1.751838177550560e-08

3.126198331521099e-01

0.000000000000000e+00

0.000000000000000e+00
58

1.807132233604492e-08

5.108803124448834e-01

0.000000000000000e+00

0.000000000000000e+00
59

1.907132233604492e-08

8.073252407830509e-01

0.000000000000000e+00

0.000000000000000e+00
60

2.000000000000000e-08

9.770555868058285e-01

0.000000000000000e+00

0.000000000000000e+00
61

2.010000000000000e-08

9.870596017517322e-01

1.100000000000010e-01

1.100000000000010e-01
62

2.030000000000000e-08

1.000483988955493e+00

3.299999999999993e-01

3.299999999999993e-01
63

2.070000000000000e-08

7.745075808442816e-01

7.699999999999997e-01

7.699999999999997e-01
64

2.100000000000000e-08

3.250887967582473e-01

1.099999999999999e+00

1.099999999999999e+00
65

2.103947701050963e-08

2.620769591048204e-01

1.100000000000000e+00

1.100000000000000e+00
66

2.111843103152891e-08

1.567716842515759e-01

1.100000000000000e+00

1.100000000000000e+00
67

2.127633907356745e-08

4.505171001866189e-02

1.100000000000000e+00

1.100000000000000e+00
68

2.138868198310096e-08

1.787168005261406e-02

1.100000000000000e+00

1.100000000000000e+00
69

2.152593501908131e-08

5.355326879207600e-03

1.100000000000000e+00

1.100000000000000e+00
70

2.167524185123029e-08

1.374119124079904e-03

1.100000000000000e+00

1.100000000000000e+00
71

2.191865183821895e-08

2.466005570852061e-05

1.100000000000000e+00

1.100000000000000e+00
72

2.224530974116364e-08

-1.807596407355014e-10

1.100000000000000e+00

1.100000000000000e+00
73

2.289232997019254e-08

3.755966959343870e-06

1.100000000000000e+00

1.100000000000000e+00
74

2.389232997019254e-08

4.263509098192895e-07

1.100000000000000e+00

1.100000000000000e+00
75

2.489232997019254e-08

1.992317686141029e-06

1.100000000000000e+00

1.100000000000000e+00
76

2.589232997019254e-08

7.595723835157721e-07

1.100000000000000e+00

1.100000000000000e+00
77

2.600000000000000e-08

9.856368341501808e-07

1.099999999999999e+00

1.100000000000000e+00
78

2.610000000000000e-08

-4.508312049506998e-05

9.899999999999984e-01

1.100000000000000e+00
79

2.630000000000000e-08

-9.917458350055507e-05

7.700000000000001e-01

1.100000000000000e+00
80

2.670000000000000e-08

-1.221429604896044e-04

3.299999999999998e-01

1.100000000000000e+00
81

2.700000000000000e-08

-1.139832513815011e-04

4.549312315749177e-16

1.100000000000000e+00
82

2.708000000000000e-08

-8.630398573210750e-05

0.000000000000000e+00

1.100000000000000e+00
83

2.724000000000000e-08

-4.433303784436268e-05

0.000000000000000e+00

1.100000000000000e+00
84

2.756000000000000e-08

-9.429342505038543e-06

0.000000000000000e+00

1.100000000000000e+00
85

2.820000000000000e-08

1.672657784828619e-06

0.000000000000000e+00

1.100000000000000e+00
86

2.920000000000000e-08

6.982827833653118e-08

0.000000000000000e+00

1.100000000000000e+00
87

3.000000000000000e-08

5.625338059281983e-07

0.000000000000000e+00

1.100000000000000e+00
88

3.010000000000000e-08

3.072333687687847e-05

1.100000000000010e-01

1.100000000000000e+00
89

3.030000000000001e-08

7.925260087768912e-05

3.300000000000030e-01

1.100000000000000e+00
90

3.070000000000000e-08

1.153873555477497e-04

7.699999999999997e-01

1.100000000000000e+00
91

3.100000000000000e-08

1.075342653066622e-04

1.099999999999995e+00

1.100000000000000e+00
92

3.108000000000000e-08

1.574660486584436e-05

1.100000000000000e+00

1.012000000000003e+00
93

3.123999999999999e-08

-7.162322719845569e-05

1.100000000000000e+00

8.360000000000076e-01
94

3.155999999999999e-08

6.241793523078211e-06

1.100000000000000e+00

4.840000000000088e-01
95

3.200000000000000e-08

8.959876977635967e-05

1.100000000000000e+00

0.000000000000000e+00
96

3.206400000000000e-08

9.752258393662265e-05

1.100000000000000e+00

0.000000000000000e+00
97

3.219200000000000e-08

9.508750995503063e-05

1.100000000000000e+00

0.000000000000000e+00
98

3.244800000000000e-08

5.773928616729054e-05

1.100000000000000e+00

0.000000000000000e+00
99

3.296000000000000e-08

1.812302848757208e-05

1.100000000000000e+00

0.000000000000000e+00
100

3.396000000000000e-08

5.866551940155449e-06

1.100000000000000e+00

0.000000000000000e+00
101

3.496000000000000e-08

4.647315669961385e-06

1.100000000000000e+00

0.000000000000000e+00
102

3.596000000000001e-08

3.152375753178675e-06

1.100000000000000e+00

0.000000000000000e+00
103

3.600000000000000e-08

3.134695303384740e-06

1.099999999999999e+00

0.000000000000000e+00
104

3.608000000000000e-08

-4.714468394321314e-05

1.012000000000002e+00

0.000000000000000e+00
105

3.624000000000000e-08

-1.263838966874038e-04

8.360000000000057e-01

0.000000000000000e+00
106

3.655999999999999e-08

1.243618580874571e-02

4.840000000000143e-01

0.000000000000000e+00
107

3.698272060748333e-08

1.100094426155028e-01

1.900733176834640e-02

0.000000000000000e+00
108

3.700000000000001e-08

1.166376276046004e-01

0.000000000000000e+00

0.000000000000000e+00
109

3.703455878503337e-08

1.299558995680061e-01

0.000000000000000e+00

0.000000000000000e+00
110

3.710367635510010e-08

1.565188759667992e-01

0.000000000000000e+00

0.000000000000000e+00
111

3.724191149523355e-08

2.091827722796362e-01

0.000000000000000e+00

0.000000000000000e+00
112

3.751838177550045e-08

3.126198331501738e-01

0.000000000000000e+00

0.000000000000000e+00
113

3.807132233603426e-08

5.108803124411730e-01

0.000000000000000e+00

0.000000000000000e+00
114

3.907132233603426e-08

8.073252407803968e-01

0.000000000000000e+00

0.000000000000000e+00
115

4.000000000000000e-08

9.770555868058437e-01

0.000000000000000e+00

0.000000000000000e+00
116

4.010000000000000e-08

9.870596017517460e-01

1.100000000000010e-01

1.100000000000010e-01
117

4.030000000000000e-08

1.000483988955504e+00

3.300000000000030e-01

3.300000000000030e-01
118

4.070000000000000e-08

7.745075808442898e-01

7.699999999999997e-01

7.699999999999997e-01
119

4.100000000000000e-08

3.250887967582489e-01

1.100000000000000e+00

1.100000000000000e+00
120

4.103947701050964e-08

2.620769591048213e-01

1.100000000000000e+00

1.100000000000000e+00
121

4.111843103152891e-08

1.567716842515756e-01

1.100000000000000e+00

1.100000000000000e+00
122

4.127633907356746e-08

4.505171001866111e-02

1.100000000000000e+00

1.100000000000000e+00
123

4.138868198310096e-08

1.787168005261367e-02

1.100000000000000e+00

1.100000000000000e+00
124

4.152593501908132e-08

5.355326879207484e-03

1.100000000000000e+00

1.100000000000000e+00
125

4.167524185123029e-08

1.374119124079879e-03

1.100000000000000e+00

1.100000000000000e+00
126

4.191865183821895e-08

2.466005570851473e-05

1.100000000000000e+00

1.100000000000000e+00
127

4.224530974116364e-08

-1.807596396763066e-10

1.100000000000000e+00

1.100000000000000e+00
128

4.289232997019255e-08

3.755966959343929e-06

1.100000000000000e+00

1.100000000000000e+00
129

4.389232997019255e-08

4.263509098195268e-07

1.100000000000000e+00

1.100000000000000e+00
130

4.489232997019256e-08

1.992317686140953e-06

1.100000000000000e+00

1.100000000000000e+00
131

4.589232997019256e-08

7.595723835157602e-07

1.100000000000000e+00

1.100000000000000e+00
132

4.600000000000000e-08

9.856368341505295e-07

1.099999999999999e+00

1.100000000000000e+00
133

4.610000000000000e-08

-4.508312049506973e-05

9.899999999999984e-01

1.100000000000000e+00
134

4.630000000000000e-08

-9.917458350055669e-05

7.699999999999965e-01

1.100000000000000e+00
135

4.670000000000000e-08

-1.221429604896028e-04

3.299999999999998e-01

1.100000000000000e+00
136

4.700000000000000e-08

-1.139832513815000e-04

0.000000000000000e+00

1.100000000000000e+00
137

4.708000000000000e-08

-8.630398573210646e-05

0.000000000000000e+00

1.100000000000000e+00
138

4.724000000000000e-08

-4.433303784436207e-05

0.000000000000000e+00

1.100000000000000e+00
139

4.756000000000000e-08

-9.429342505038255e-06

0.000000000000000e+00

1.100000000000000e+00
140

4.820000000000000e-08

1.672657784828697e-06

0.000000000000000e+00

1.100000000000000e+00
141

4.920000000000000e-08

6.982827833646451e-08

0.000000000000000e+00

1.100000000000000e+00
142

5.000000000000000e-08

5.625338059283046e-07

0.000000000000000e+00

1.100000000000000e+00
143

5.010000000000000e-08

3.072333687687847e-05

1.100000000000010e-01

1.100000000000000e+00
144

5.030000000000000e-08

7.925260087768883e-05

3.300000000000030e-01

1.100000000000000e+00
145

5.070000000000000e-08

1.153873555477490e-04

7.699999999999997e-01

1.100000000000000e+00
146

5.100000000000000e-08

1.075342653066611e-04

1.100000000000000e+00

1.100000000000000e+00
147

5.108000000000000e-08

1.574660486584196e-05

1.100000000000000e+00

1.012000000000003e+00
148

5.124000000000000e-08

-7.162322719845824e-05

1.100000000000000e+00

8.360000000000003e-01
149

5.156000000000000e-08

6.241793523080508e-06

1.100000000000000e+00

4.840000000000015e-01
150

5.200000000000000e-08

8.959876977635830e-05

1.100000000000000e+00

0.000000000000000e+00
151

5.206400000000000e-08

9.752258393662158e-05

1.100000000000000e+00

0.000000000000000e+00
152

5.219200000000000e-08

9.508750995503014e-05

1.100000000000000e+00

0.000000000000000e+00
153

5.244800000000000e-08

5.773928616729086e-05

1.100000000000000e+00

0.000000000000000e+00
154

5.296000000000000e-08

1.812302848757212e-05

1.100000000000000e+00

0.000000000000000e+00
155

5.396000000000000e-08

5.866551940155009e-06

1.100000000000000e+00

0.000000000000000e+00
156

5.496000000000000e-08

4.647315669961694e-06

1.100000000000000e+00

0.000000000000000e+00
157

5.596000000000001e-08

3.152375753178866e-06

1.100000000000000e+00

0.000000000000000e+00
158

5.600000000000000e-08

3.134695303385184e-06

1.099999999999999e+00

0.000000000000000e+00
159

5.607999999999998e-08

-4.714468394320649e-05

1.012000000000016e+00

0.000000000000000e+00
160

5.623999999999995e-08

-1.263838966873893e-04

8.360000000000495e-01

0.000000000000000e+00
161

5.655999999999989e-08

1.243618580873095e-02

4.840000000001162e-01

0.000000000000000e+00
162

5.698272060748341e-08

1.100094426155170e-01

1.900733176825177e-02

0.000000000000000e+00
163

5.700000000000000e-08

1.166376276045818e-01

0.000000000000000e+00

0.000000000000000e+00
164

5.703455878503319e-08

1.299558995679214e-01

0.000000000000000e+00

0.000000000000000e+00
165

5.710367635509957e-08

1.565188759665831e-01

0.000000000000000e+00

0.000000000000000e+00
166

5.724191149523234e-08

2.091827722791619e-01

0.000000000000000e+00

0.000000000000000e+00
167

5.751838177549786e-08

3.126198331492027e-01

0.000000000000000e+00

0.000000000000000e+00
168

5.807132233602892e-08

5.108803124393146e-01

0.000000000000000e+00

0.000000000000000e+00
169

5.907132233602892e-08

8.073252407790672e-01

0.000000000000000e+00

0.000000000000000e+00
170

5.999999999999999e-08

9.770555868058508e-01

0.000000000000000e+00

0.000000000000000e+00
171

6.009999999999999e-08

9.870596017517530e-01

1.099999999999792e-01

1.099999999999792e-01
172

6.029999999999999e-08

1.000483988955512e+00

3.299999999999811e-01

3.299999999999811e-01
173

6.069999999999999e-08

7.745075808443094e-01

7.699999999999850e-01

7.699999999999850e-01
174

6.100000000000000e-08

3.250887967582608e-01

1.099999999999995e+00

1.099999999999995e+00
175

6.103947701050965e-08

2.620769591048308e-01

1.100000000000000e+00

1.100000000000000e+00
176

6.111843103152892e-08

1.567716842515809e-01

1.100000000000000e+00

1.100000000000000e+00
177

6.127633907356747e-08

4.505171001866197e-02

1.100000000000000e+00

1.100000000000000e+00
178

6.138868198310098e-08

1.787168005261391e-02

1.100000000000000e+00

1.100000000000000e+00
179

6.152593501908134e-08

5.355326879207627e-03

1.100000000000000e+00

1.100000000000000e+00
180

6.167524185123033e-08

1.374119124079925e-03

1.100000000000000e+00

1.100000000000000e+00
181

6.191865183821898e-08

2.466005570852344e-05

1.100000000000000e+00

1.100000000000000e+00
182

6.224530974116367e-08

-1.807596408238907e-10

1.100000000000000e+00

1.100000000000000e+00
183

6.289232997019256e-08

3.755966959344451e-06

1.100000000000000e+00

1.100000000000000e+00
184

6.389232997019256e-08

4.263509098190233e-07

1.100000000000000e+00

1.100000000000000e+00
185

6.489232997019256e-08

1.992317686141147e-06

1.100000000000000e+00

1.100000000000000e+00
186

6.589232997019255e-08

7.595723835155701e-07

1.100000000000000e+00

1.100000000000000e+00
187

6.600000000000001e-08

9.856368341502568e-07

1.099999999999999e+00

1.100000000000000e+00
188

6.610000000000000e-08

-4.508312049506763e-05

9.900000000000057e-01

1.100000000000000e+00
189

6.630000000000000e-08

-9.917458350055715e-05

7.700000000000037e-01

1.100000000000000e+00
190

6.670000000000001e-08

-1.221429604896053e-04

3.299999999999998e-01

1.100000000000000e+00
191

6.700000000000000e-08

-1.139832513815015e-04

4.094489504391507e-15

1.100000000000000e+00
192

6.708000000000000e-08

-8.630398573210892e-05

0.000000000000000e+00

1.100000000000000e+00
193

6.724000000000000e-08

-4.433303784436366e-05

0.000000000000000e+00

1.100000000000000e+00
194

6.755999999999999e-08

-9.429342505038729e-06

0.000000000000000e+00

1.100000000000000e+00
195

6.819999999999999e-08

1.672657784829031e-06

0.000000000000000e+00

1.100000000000000e+00
196

6.919999999999998e-08

6.982827833660310e-08

0.000000000000000e+00

1.100000000000000e+00
197

7.000000000000000e-08

5.625338059283130e-07

0.000000000000000e+00

1.100000000000000e+00
198

7.010000000000000e-08

3.072333687687666e-05

1.099999999999937e-01

1.100000000000000e+00
199

7.030000000000000e-08

7.925260087768838e-05

3.299999999999957e-01

1.100000000000000e+00
200

7.070000000000000e-08

1.153873555477509e-04

7.699999999999997e-01

1.100000000000000e+00
201

7.100000000000000e-08

1.075342653066621e-04

1.099999999999995e+00

1.100000000000000e+00
202

7.108000000000000e-08

1.574660486584867e-05

1.100000000000000e+00

1.012000000000011e+00
203

7.123999999999999e-08

-7.162322719845620e-05

1.100000000000000e+00

8.360000000000148e-01
204

7.155999999999999e-08

6.241793523076633e-06

1.100000000000000e+00

4.840000000000234e-01
205

7.200000000000001e-08

8.959876977636073e-05

1.100000000000000e+00

0.000000000000000e+00
206

7.206400000000000e-08

9.752258393662349e-05

1.100000000000000e+00

0.000000000000000e+00
207

7.219200000000000e-08

9.508750995503091e-05

1.100000000000000e+00

0.000000000000000e+00
208

7.244800000000000e-08

5.773928616729054e-05

1.100000000000000e+00

0.000000000000000e+00
209

7.296000000000000e-08

1.812302848757255e-05

1.100000000000000e+00

0.000000000000000e+00
210

7.396000000000000e-08

5.866551940155431e-06

1.100000000000000e+00

0.000000000000000e+00
211

7.495999999999999e-08

4.647315669961452e-06

1.100000000000000e+00

0.000000000000000e+00
212

7.595999999999999e-08

3.152375753178620e-06

1.100000000000000e+00

0.000000000000000e+00
213

7.600000000000001e-08

3.134695303384464e-06

1.099999999999999e+00

0.000000000000000e+00
214

7.608000000000004e-08

-4.714468394323300e-05

1.011999999999958e+00

0.000000000000000e+00
215

7.624000000000012e-08

-1.263838966874470e-04

8.359999999998747e-01

0.000000000000000e+00
216

7.656000000000027e-08

1.243618580879007e-02

4.839999999997086e-01

0.000000000000000e+00
217

7.698272060748307e-08

1.100094426154600e-01

1.900733176863029e-02

0.000000000000000e+00
218

7.700000000000000e-08

1.166376276046534e-01

4.094489504391507e-15

0.000000000000000e+00
219

7.703455878503387e-08

1.299558995682522e-01

0.000000000000000e+00

0.000000000000000e+00
220

7.710367635510160e-08

1.565188759674293e-01

0.000000000000000e+00

0.000000000000000e+00
221

7.724191149523706e-08

2.091827722810208e-01

0.000000000000000e+00

0.000000000000000e+00
222

7.751838177550799e-08

3.126198331530111e-01

0.000000000000000e+00

0.000000000000000e+00
223

7.807132233604984e-08

5.108803124466034e-01

0.000000000000000e+00

0.000000000000000e+00
224

7.907132233604984e-08

8.073252407842815e-01

0.000000000000000e+00

0.000000000000000e+00
225

8.000000000000000e-08

9.770555868058237e-01

0.000000000000000e+00

0.000000000000000e+00
226

8.010000000000000e-08

9.870596017517277e-01

1.099999999999937e-01

1.099999999999937e-01
227

8.030000000000000e-08

1.000483988955489e+00

3.299999999999957e-01

3.299999999999957e-01
228

8.070000000000000e-08

7.745075808442791e-01

7.699999999999997e-01

7.699999999999997e-01
229

8.100000000000000e-08

3.250887967582496e-01

1.099999999999995e+00

1.099999999999995e+00
230

8.103947701050964e-08

2.620769591048226e-01

1.100000000000000e+00

1.100000000000000e+00
231

8.111843103152891e-08

1.567716842515777e-01

1.100000000000000e+00

1.100000000000000e+00
232

8.127633907356745e-08

4.505171001866276e-02

1.100000000000000e+00

1.100000000000000e+00
233

8.138868198310096e-08

1.787168005261431e-02

1.100000000000000e+00

1.100000000000000e+00
234

8.152593501908132e-08

5.355326879207679e-03

1.100000000000000e+00

1.100000000000000e+00
235

8.167524185123031e-08

1.374119124079936e-03

1.100000000000000e+00

1.100000000000000e+00
236

8.191865183821896e-08

2.466005570852743e-05

1.100000000000000e+00

1.100000000000000e+00
237

8.224530974116365e-08

-1.807596410993418e-10

1.100000000000000e+00

1.100000000000000e+00
238

8.289232997019254e-08

3.755966959344370e-06

1.100000000000000e+00

1.100000000000000e+00
239

8.389232997019254e-08

4.263509098190414e-07

1.100000000000000e+00

1.100000000000000e+00
240

8.489232997019254e-08

1.992317686141188e-06

1.100000000000000e+00

1.100000000000000e+00
241

8.589232997019253e-08

7.595723835156760e-07

1.100000000000000e+00

1.100000000000000e+00
242

8.600000000000000e-08

9.856368341501253e-07

1.099999999999999e+00

1.100000000000000e+00
243

8.610000000000000e-08

-4.508312049506763e-05

9.900000000000057e-01

1.100000000000000e+00
244

8.630000000000000e-08

-9.917458350055714e-05

7.700000000000037e-01

1.100000000000000e+00
245

8.670000000000000e-08

-1.221429604896056e-04

3.299999999999998e-01

1.100000000000000e+00
246

8.700000000000000e-08

-1.139832513815018e-04

4.094489504391507e-15

1.100000000000000e+00
247

8.708000000000000e-08

-8.630398573210913e-05

0.000000000000000e+00

1.100000000000000e+00
248

8.723999999999999e-08

-4.433303784436361e-05

0.000000000000000e+00

1.100000000000000e+00
249

8.755999999999998e-08

-9.429342505038493e-06

0.000000000000000e+00

1.100000000000000e+00
250

8.819999999999998e-08

1.672657784828998e-06

0.000000000000000e+00

1.100000000000000e+00
251

8.919999999999998e-08

6.982827833660310e-08

0.000000000000000e+00

1.100000000000000e+00
252

9.000000000000000e-08

5.625338059283130e-07

0.000000000000000e+00

1.100000000000000e+00
253

9.009999999999999e-08

3.072333687687666e-05

1.099999999999937e-01

1.100000000000000e+00
254

9.029999999999999e-08

7.925260087768838e-05

3.299999999999957e-01

1.100000000000000e+00
255

9.070000000000000e-08

1.153873555477509e-04

7.699999999999997e-01

1.100000000000000e+00
256

9.099999999999999e-08

1.075342653066621e-04

1.099999999999995e+00

1.100000000000000e+00
257

9.107999999999999e-08

1.574660486584867e-05

1.100000000000000e+00

1.012000000000011e+00
258

9.123999999999999e-08

-7.162322719845620e-05

1.100000000000000e+00

8.360000000000148e-01
259

9.155999999999998e-08

6.241793523076633e-06

1.100000000000000e+00

4.840000000000234e-01
260

9.200000000000000e-08

8.959876977636073e-05

1.100000000000000e+00

0.000000000000000e+00
261

9.206400000000000e-08

9.752258393662349e-05

1.100000000000000e+00

0.000000000000000e+00
262

9.219200000000000e-08

9.508750995503091e-05

1.100000000000000e+00

0.000000000000000e+00
263

9.244800000000000e-08

5.773928616729054e-05

1.100000000000000e+00

0.000000000000000e+00
264

9.295999999999999e-08

1.812302848757255e-05

1.100000000000000e+00

0.000000000000000e+00
265

9.395999999999999e-08

5.866551940155431e-06

1.100000000000000e+00

0.000000000000000e+00
266

9.495999999999998e-08

4.647315669961452e-06

1.100000000000000e+00

0.000000000000000e+00
267

9.595999999999998e-08

3.152375753178620e-06

1.100000000000000e+00

0.000000000000000e+00
268

9.600000000000000e-08

3.134695303384464e-06

1.099999999999999e+00

0.000000000000000e+00
269

9.608000000000004e-08

-4.714468394323300e-05

1.011999999999958e+00

0.000000000000000e+00
270

9.624000000000011e-08

-1.263838966874470e-04

8.359999999998747e-01

0.000000000000000e+00
271

9.656000000000026e-08

1.243618580879007e-02

4.839999999997086e-01

0.000000000000000e+00
272

9.698272060748306e-08

1.100094426154600e-01

1.900733176863029e-02

0.000000000000000e+00
273

9.700000000000000e-08

1.166376276046534e-01

4.094489504391507e-15

0.000000000000000e+00
274

9.703455878503386e-08

1.299558995682522e-01

0.000000000000000e+00

0.000000000000000e+00
275

9.710367635510159e-08

1.565188759674293e-01

0.000000000000000e+00

0.000000000000000e+00
276

9.724191149523706e-08

2.091827722810208e-01

0.000000000000000e+00

0.000000000000000e+00
277

9.751838177550798e-08

3.126198331530111e-01

0.000000000000000e+00

0.000000000000000e+00
278

9.807132233604984e-08

5.108803124466034e-01

0.000000000000000e+00

0.000000000000000e+00
279

9.907132233604983e-08

8.073252407842815e-01

0.000000000000000e+00

0.000000000000000e+00
280

1.000000000000000e-07

9.770555868058237e-01

0.000000000000000e+00

0.000000000000000e+00
