Title:
*inverter
Date:
Tue
Aug

9
21:45:14

2011
Plotname:
Transient
Analysis
Flags:
real
No.
Variables:
3
No.
Points:
200





Variables:

0
time
time

1
v(out)
voltage

2
v(in)
voltage
Values:
0

0.000000000000000e+00

1.099998927204703e+00

0.000000000000000e+00
1

5.000000000000001e-12

1.100010022318565e+00

5.500000000000001e-03
2

1.000000000000000e-11

1.100020876318688e+00

1.100000000000000e-02
3

2.000000000000000e-11

1.100042111637493e+00

2.200000000000000e-02
4

4.000000000000000e-11

1.100081921086923e+00

4.400000000000000e-02
5

8.000000000000001e-11

1.100152244510105e+00

8.800000000000001e-02
6

1.600000000000000e-10

1.100260524813045e+00

1.760000000000000e-01
7

3.200000000000000e-10

1.099648976569194e+00

3.520000000000000e-01
8

6.400000000000001e-10

9.827049103188321e-01

7.040000000000001e-01
9

1.000000000000000e-09

5.060576951918397e-01

1.100000000000000e+00
10

1.046998248123947e-09

4.200777177852836e-01

1.100000000000000e+00
11

1.140994744371842e-09

2.670321024799568e-01

1.100000000000000e+00
12

1.328987736867631e-09

8.250892754521848e-02

1.100000000000000e+00
13

1.515490500090275e-09

1.977975061147097e-02

1.100000000000000e+00
14

1.668901841312425e-09

6.065516964357973e-03

1.100000000000000e+00
15

1.839229732823649e-09

1.539062479695670e-03

1.100000000000000e+00
16

2.056620780217656e-09

2.079782569024929e-04

1.100000000000000e+00
17

2.441304909452920e-09

-2.965901919719219e-05

1.100000000000000e+00
18

3.063230158252789e-09

1.272549991363508e-05

1.100000000000000e+00
19

4.063230158252790e-09

-6.131923526247661e-06

1.100000000000000e+00
20

5.063230158252789e-09

4.326022930655666e-06

1.100000000000000e+00
21

6.063230158252789e-09

-1.494830662193553e-06

1.100000000000000e+00
22

7.063230158252789e-09

1.745538496803416e-06

1.100000000000000e+00
23

8.063230158252790e-09

-5.916961243440674e-08

1.100000000000000e+00
24

9.063230158252790e-09

9.452165139419750e-07

1.100000000000000e+00
25

1.006323015825279e-08

3.860913365540759e-07

1.100000000000000e+00
26

1.100000000000000e-08

6.926600355952499e-07

1.099999999999999e+00
27

1.110000000000000e-08

-1.522516434382138e-04

9.900000000000002e-01
28

1.130000000000000e-08

1.248249499152413e-04

7.700000000000001e-01
29

1.152422421047918e-08

2.648778933919096e-02

5.233533684729056e-01
30

1.179688073807651e-08

1.920823030784013e-01

2.234311881158343e-01
31

1.200000000000000e-08

4.420058806721572e-01

4.549312315749177e-16
32

1.202844489251692e-08

4.833007026090053e-01

0.000000000000000e+00
33

1.208533467755076e-08

5.640397164895696e-01

0.000000000000000e+00
34

1.219911424761844e-08

7.109274124682745e-01

0.000000000000000e+00
35

1.242667338775379e-08

9.233944594312156e-01

0.000000000000000e+00
36

1.288179166802450e-08

1.088137744632711e+00

0.000000000000000e+00
37

1.341603213796595e-08

1.100957021575842e+00

0.000000000000000e+00
38

1.406784950562164e-08

1.099822799442451e+00

0.000000000000000e+00
39

1.492098555166169e-08

1.100053484484246e+00

0.000000000000000e+00
40

1.592098555166169e-08

1.099978206957666e+00

0.000000000000000e+00
41

1.692098555166168e-08

1.100006813158626e+00

0.000000000000000e+00
42

1.792098555166168e-08

1.099995933571680e+00

0.000000000000000e+00
43

1.892098555166168e-08

1.100000062704233e+00

0.000000000000000e+00
44

1.992098555166168e-08

1.099998495725780e+00

0.000000000000000e+00
45

2.092098555166168e-08

1.099999090431915e+00

0.000000000000000e+00
46

2.192098555166168e-08

1.099998865302472e+00

0.000000000000000e+00
47

2.200000000000000e-08

1.099998883612331e+00

0.000000000000000e+00
48

2.210000000000000e-08

1.100158112160721e+00

1.100000000000010e-01
49

2.230000000000000e-08

1.099842187196298e+00

3.299999999999993e-01
50

2.270000000000000e-08

9.115570002705898e-01

7.699999999999997e-01
51

2.300000000000000e-08

4.849164941741181e-01

1.099999999999999e+00
52

2.304578336621161e-08

4.025277748107985e-01

1.100000000000000e+00
53

2.313735009863483e-08

2.565889228987945e-01

1.100000000000000e+00
54

2.332048356348126e-08

8.114762770805023e-02

1.100000000000000e+00
55

2.349749940600266e-08

2.137556151147034e-02

1.100000000000000e+00
56

2.364994466469902e-08

6.627988029674114e-03

1.100000000000000e+00
57

2.381875452760643e-08

1.710793590712092e-03

1.100000000000000e+00
58

2.403694420262096e-08

2.281677285838611e-04

1.100000000000000e+00
59

2.440567012315928e-08

-2.786346460213640e-05

1.100000000000000e+00
60

2.500888467871550e-08

1.178357241091392e-05

1.100000000000000e+00
61

2.600888467871549e-08

-5.601403826484384e-06

1.100000000000000e+00
62

2.700888467871549e-08

4.030657056452308e-06

1.100000000000000e+00
63

2.800888467871549e-08

-1.330498832723226e-06

1.100000000000000e+00
64

2.900888467871549e-08

1.653934142766175e-06

1.100000000000000e+00
65

3.000888467871549e-08

-8.201419115843811e-09

1.100000000000000e+00
66

3.100888467871550e-08

9.167968407619683e-07

1.100000000000000e+00
67

3.200888467871550e-08

4.019066343524184e-07

1.100000000000000e+00
68

3.300000000000000e-08

6.878559052378085e-07

1.099999999999998e+00
69

3.310000000000001e-08

-1.522545254472941e-04

9.899999999999965e-01
70

3.330000000000001e-08

1.248243229623146e-04

7.699999999999946e-01
71

3.352422421073165e-08

2.648778922048542e-02

5.233533681951826e-01
72

3.379688073577646e-08

1.920823007084950e-01

2.234311906459004e-01
73

3.400000000000000e-08

4.420058805244354e-01

2.274764578091837e-15
74

3.402844489204631e-08

4.833007017945453e-01

0.000000000000000e+00
75

3.408533467613893e-08

5.640397144106667e-01

0.000000000000000e+00
76

3.419911424432417e-08

7.109274084652648e-01

0.000000000000000e+00
77

3.442667338069465e-08

9.233944544915188e-01

0.000000000000000e+00
78

3.488179165343560e-08

1.088137742578019e+00

0.000000000000000e+00
79

3.541603211301028e-08

1.100957021616653e+00

0.000000000000000e+00
80

3.606784948239051e-08

1.099822799433701e+00

0.000000000000000e+00
81

3.692098550939852e-08

1.100053484485181e+00

0.000000000000000e+00
82

3.792098550939852e-08

1.099978206957313e+00

0.000000000000000e+00
83

3.892098550939853e-08

1.100006813158762e+00

0.000000000000000e+00
84

3.992098550939853e-08

1.099995933571628e+00

0.000000000000000e+00
85

4.092098550939853e-08

1.100000062704253e+00

0.000000000000000e+00
86

4.192098550939853e-08

1.099998495725773e+00

0.000000000000000e+00
87

4.292098550939854e-08

1.099999090431918e+00

0.000000000000000e+00
88

4.392098550939854e-08

1.099998865302471e+00

0.000000000000000e+00
89

4.400000000000000e-08

1.099998883612338e+00

0.000000000000000e+00
90

4.410000000000000e-08

1.100158112160726e+00

1.100000000000010e-01
91

4.430000000000001e-08

1.099842187196302e+00

3.300000000000030e-01
92

4.470000000000000e-08

9.115570002705913e-01

7.699999999999997e-01
93

4.500000000000001e-08

4.849164941741152e-01

1.100000000000000e+00
94

4.504578336621162e-08

4.025277748107959e-01

1.100000000000000e+00
95

4.513735009863483e-08

2.565889228987926e-01

1.100000000000000e+00
96

4.532048356348127e-08

8.114762770804967e-02

1.100000000000000e+00
97

4.549749940600267e-08

2.137556151147067e-02

1.100000000000000e+00
98

4.564994466469903e-08

6.627988029674224e-03

1.100000000000000e+00
99

4.581875452760644e-08

1.710793590712121e-03

1.100000000000000e+00
100

4.603694420262097e-08

2.281677285838625e-04

1.100000000000000e+00
101

4.640567012315928e-08

-2.786346460213633e-05

1.100000000000000e+00
102

4.700888467871550e-08

1.178357241091306e-05

1.100000000000000e+00
103

4.800888467871550e-08

-5.601403826484150e-06

1.100000000000000e+00
104

4.900888467871550e-08

4.030657056452191e-06

1.100000000000000e+00
105

5.000888467871551e-08

-1.330498832723226e-06

1.100000000000000e+00
106

5.100888467871551e-08

1.653934142766175e-06

1.100000000000000e+00
107

5.200888467871551e-08

-8.201419115960570e-09

1.100000000000000e+00
108

5.300888467871551e-08

9.167968407618515e-07

1.100000000000000e+00
109

5.400888467871552e-08

4.019066343523016e-07

1.100000000000000e+00
110

5.500000000000000e-08

6.878559052388836e-07

1.100000000000000e+00
111

5.510000000000000e-08

-1.522545254473030e-04

9.900000000000002e-01
112

5.530000000000001e-08

1.248243229622608e-04

7.699999999999982e-01
113

5.552422421073166e-08

2.648778922048656e-02

5.233533681951790e-01
114

5.579688073577645e-08

1.920823007084932e-01

2.234311906459040e-01
115

5.600000000000001e-08

4.420058805244409e-01

0.000000000000000e+00
116

5.602844489204632e-08

4.833007017945509e-01

0.000000000000000e+00
117

5.608533467613894e-08

5.640397144106727e-01

0.000000000000000e+00
118

5.619911424432417e-08

7.109274084652707e-01

0.000000000000000e+00
119

5.642667338069465e-08

9.233944544915225e-01

0.000000000000000e+00
120

5.688179165343562e-08

1.088137742578019e+00

0.000000000000000e+00
121

5.741603211301031e-08

1.100957021616653e+00

0.000000000000000e+00
122

5.806784948239053e-08

1.099822799433701e+00

0.000000000000000e+00
123

5.892098550939857e-08

1.100053484485181e+00

0.000000000000000e+00
124

5.992098550939857e-08

1.099978206957314e+00

0.000000000000000e+00
125

6.092098550939857e-08

1.100006813158762e+00

0.000000000000000e+00
126

6.192098550939856e-08

1.099995933571628e+00

0.000000000000000e+00
127

6.292098550939856e-08

1.100000062704253e+00

0.000000000000000e+00
128

6.392098550939855e-08

1.099998495725773e+00

0.000000000000000e+00
129

6.492098550939855e-08

1.099999090431918e+00

0.000000000000000e+00
130

6.592098550939854e-08

1.099998865302471e+00

0.000000000000000e+00
131

6.600000000000001e-08

1.099998883612338e+00

0.000000000000000e+00
132

6.610000000000000e-08

1.100158112160726e+00

1.099999999999937e-01
133

6.630000000000000e-08

1.099842187196302e+00

3.299999999999957e-01
134

6.670000000000001e-08

9.115570002705924e-01

7.699999999999997e-01
135

6.700000000000000e-08

4.849164941741258e-01

1.099999999999995e+00
136

6.704578336621161e-08

4.025277748108061e-01

1.100000000000000e+00
137

6.713735009863483e-08

2.565889228988014e-01

1.100000000000000e+00
138

6.732048356348126e-08

8.114762770805407e-02

1.100000000000000e+00
139

6.749749940600267e-08

2.137556151146984e-02

1.100000000000000e+00
140

6.764994466469904e-08

6.627988029673804e-03

1.100000000000000e+00
141

6.781875452760646e-08

1.710793590711997e-03

1.100000000000000e+00
142

6.803694420262099e-08

2.281677285838633e-04

1.100000000000000e+00
143

6.840567012315931e-08

-2.786346460214288e-05

1.100000000000000e+00
144

6.900888467871553e-08

1.178357241091205e-05

1.100000000000000e+00
145

7.000888467871553e-08

-5.601403826483683e-06

1.100000000000000e+00
146

7.100888467871552e-08

4.030657056451724e-06

1.100000000000000e+00
147

7.200888467871552e-08

-1.330498832723110e-06

1.100000000000000e+00
148

7.300888467871551e-08

1.653934142765942e-06

1.100000000000000e+00
149

7.400888467871551e-08

-8.201419115843811e-09

1.100000000000000e+00
150

7.500888467871551e-08

9.167968407619683e-07

1.100000000000000e+00
151

7.600888467871550e-08

4.019066343525352e-07

1.100000000000000e+00
152

7.700000000000001e-08

6.878559052357987e-07

1.099999999999994e+00
153

7.710000000000001e-08

-1.522545254472964e-04

9.900000000000002e-01
154

7.730000000000001e-08

1.248243229622571e-04

7.699999999999982e-01
155

7.752422421073166e-08

2.648778922048715e-02

5.233533681951790e-01
156

7.779688073577646e-08

1.920823007084933e-01

2.234311906459040e-01
157

7.800000000000001e-08

4.420058805244410e-01

0.000000000000000e+00
158

7.802844489204631e-08

4.833007017945513e-01

0.000000000000000e+00
159

7.808533467613894e-08

5.640397144106736e-01

0.000000000000000e+00
160

7.819911424432418e-08

7.109274084652725e-01

0.000000000000000e+00
161

7.842667338069467e-08

9.233944544915247e-01

0.000000000000000e+00
162

7.888179165343563e-08

1.088137742578020e+00

0.000000000000000e+00
163

7.941603211301033e-08

1.100957021616653e+00

0.000000000000000e+00
164

8.006784948239055e-08

1.099822799433700e+00

0.000000000000000e+00
165

8.092098550939860e-08

1.100053484485181e+00

0.000000000000000e+00
166

8.192098550939859e-08

1.099978206957313e+00

0.000000000000000e+00
167

8.292098550939859e-08

1.100006813158762e+00

0.000000000000000e+00
168

8.392098550939859e-08

1.099995933571629e+00

0.000000000000000e+00
169

8.492098550939858e-08

1.100000062704253e+00

0.000000000000000e+00
170

8.592098550939858e-08

1.099998495725773e+00

0.000000000000000e+00
171

8.692098550939857e-08

1.099999090431918e+00

0.000000000000000e+00
172

8.792098550939857e-08

1.099998865302472e+00

0.000000000000000e+00
173

8.800000000000001e-08

1.099998883612339e+00

0.000000000000000e+00
174

8.810000000000000e-08

1.100158112160727e+00

1.099999999999937e-01
175

8.830000000000000e-08

1.099842187196302e+00

3.299999999999957e-01
176

8.870000000000001e-08

9.115570002705923e-01

7.699999999999997e-01
177

8.900000000000000e-08

4.849164941741257e-01

1.099999999999995e+00
178

8.904578336621161e-08

4.025277748108060e-01

1.100000000000000e+00
179

8.913735009863483e-08

2.565889228988010e-01

1.100000000000000e+00
180

8.932048356348126e-08

8.114762770805366e-02

1.100000000000000e+00
181

8.949749940600267e-08

2.137556151146988e-02

1.100000000000000e+00
182

8.964994466469903e-08

6.627988029673844e-03

1.100000000000000e+00
183

8.981875452760645e-08

1.710793590711999e-03

1.100000000000000e+00
184

9.003694420262097e-08

2.281677285838608e-04

1.100000000000000e+00
185

9.040567012315930e-08

-2.786346460214135e-05

1.100000000000000e+00
186

9.100888467871552e-08

1.178357241091187e-05

1.100000000000000e+00
187

9.200888467871551e-08

-5.601403826483216e-06

1.100000000000000e+00
188

9.300888467871551e-08

4.030657056451724e-06

1.100000000000000e+00
189

9.400888467871550e-08

-1.330498832722876e-06

1.100000000000000e+00
190

9.500888467871550e-08

1.653934142765942e-06

1.100000000000000e+00
191

9.600888467871550e-08

-8.201419115727052e-09

1.100000000000000e+00
192

9.700888467871549e-08

9.167968407618515e-07

1.100000000000000e+00
193

9.800888467871549e-08

4.019066343524184e-07

1.100000000000000e+00
194

9.900000000000001e-08

6.878559052358620e-07

1.099999999999994e+00
195

9.910000000000001e-08

-1.522545254472964e-04

9.900000000000002e-01
196

9.930000000000001e-08

1.248243229622571e-04

7.699999999999982e-01
197

9.952422421073166e-08

2.648778922048715e-02

5.233533681951790e-01
198

9.979688073577646e-08

1.920823007084933e-01

2.234311906459040e-01
199

1.000000000000000e-07

4.420058805244410e-01

0.000000000000000e+00
