Title:
*mux
Date:
Thu
Dec

1
14:46:24

2011
Plotname:
Transient
Analysis
Flags:
real
No.
Variables:
5
No.
Points:
264





Variables:

0
time
time

1
v(out)
voltage

2
v(in1)
voltage

3
v(in2)
voltage

4
v(clk)
voltage
Values:
0

0.000000000000000e+00

1.237446216463913e-06

0.000000000000000e+00

0.000000000000000e+00

0.000000000000000e+00
1

5.000000000000001e-12

3.527910389455862e-03

5.500000000000001e-03

5.000000000000000e-03

5.500000000000001e-03
2

1.000000000000000e-11

8.313928365965390e-03

1.100000000000000e-02

1.000000000000000e-02

1.100000000000000e-02
3

2.000000000000000e-11

1.877827165986744e-02

2.200000000000000e-02

2.000000000000000e-02

2.200000000000000e-02
4

4.000000000000000e-11

4.087536392211570e-02

4.400000000000000e-02

4.000000000000000e-02

4.400000000000000e-02
5

8.000000000000001e-11

8.455544522116468e-02

8.800000000000001e-02

8.000000000000000e-02

8.800000000000001e-02
6

1.600000000000000e-10

1.717526622294946e-01

1.760000000000000e-01

1.600000000000000e-01

1.760000000000000e-01
7

3.200000000000000e-10

3.000213905454920e-01

3.520000000000000e-01

3.200000000000000e-01

3.520000000000000e-01
8

6.400000000000001e-10

3.853732165280131e-01

7.040000000000001e-01

6.400000000000000e-01

7.040000000000001e-01
9

1.000000000000000e-09

9.950109059438573e-01

1.100000000000000e+00

1.000000000000000e+00

1.100000000000000e+00
10

1.064000000000000e-09

9.998694947552277e-01

1.100000000000000e+00

1.000000000000000e+00

1.100000000000000e+00
11

1.192000000000000e-09

1.000123348045762e+00

1.100000000000000e+00

1.000000000000000e+00

1.100000000000000e+00
12

1.448000000000000e-09

9.998788090660524e-01

1.100000000000000e+00

1.000000000000000e+00

1.100000000000000e+00
13

1.960000000000000e-09

1.000118842134114e+00

1.100000000000000e+00

1.000000000000000e+00

1.100000000000000e+00
14

2.960000000000000e-09

9.998810470525626e-01

1.100000000000000e+00

1.000000000000000e+00

1.100000000000000e+00
15

3.960000000000000e-09

1.000117341515214e+00

1.100000000000000e+00

1.000000000000000e+00

1.100000000000000e+00
16

4.959999999999999e-09

9.998825387357936e-01

1.100000000000000e+00

1.000000000000000e+00

1.100000000000000e+00
17

5.959999999999999e-09

1.000115859771778e+00

1.100000000000000e+00

1.000000000000000e+00

1.100000000000000e+00
18

6.000000000000000e-09

9.999002324119816e-01

1.100000000000000e+00

1.000000000000000e+00

1.100000000000000e+00
19

6.080000000000001e-09

1.000231318943128e+00

1.011999999999999e+00

1.000000000000000e+00

1.011999999999999e+00
20

6.240000000000004e-09

1.000265591368764e+00

8.359999999999957e-01

1.000000000000000e+00

8.359999999999957e-01
21

6.560000000000010e-09

9.056806058808311e-01

4.839999999999897e-01

1.000000000000000e+00

4.839999999999897e-01
22

7.000000000000000e-09

1.006682924356848e-02

4.549312315749177e-16

1.000000000000000e+00

4.549312315749177e-16
23

7.064000000000001e-09

4.402031744539314e-04

0.000000000000000e+00

1.000000000000000e+00

0.000000000000000e+00
24

7.192000000000003e-09

-3.986376211128417e-04

0.000000000000000e+00

1.000000000000000e+00

0.000000000000000e+00
25

7.448000000000007e-09

3.855570705316104e-04

0.000000000000000e+00

1.000000000000000e+00

0.000000000000000e+00
26

7.960000000000016e-09

-3.728551463487847e-04

0.000000000000000e+00

1.000000000000000e+00

0.000000000000000e+00
27

8.960000000000017e-09

3.729086694427326e-04

0.000000000000000e+00

1.000000000000000e+00

0.000000000000000e+00
28

9.960000000000018e-09

-3.644365611740437e-04

0.000000000000000e+00

1.000000000000000e+00

0.000000000000000e+00
29

1.000000000000000e-08

2.778800099444091e-04

0.000000000000000e+00

1.000000000000000e+00

0.000000000000000e+00
30

1.007999999999997e-08

8.472995983574415e-02

8.799999999996148e-02

1.000000000000000e+00

8.799999999996148e-02
31

1.023999999999990e-08

2.544730382816263e-01

2.639999999998844e-01

1.000000000000000e+00

2.639999999998844e-01
32

1.055999999999976e-08

9.383545606147217e-01

6.159999999997303e-01

1.000000000000000e+00

6.159999999997303e-01
33

1.100000000000000e-08

1.003637716927549e+00

1.100000000000000e+00

9.999999999999993e-01

1.100000000000000e+00
34

1.106399999999997e-08

9.378046300366215e-01

1.100000000000000e+00

9.360000000000277e-01

1.100000000000000e+00
35

1.119199999999992e-08

8.102406760302461e-01

1.100000000000000e+00

8.080000000000844e-01

1.100000000000000e+00
36

1.144799999999980e-08

5.642438795423245e-01

1.100000000000000e+00

5.520000000001962e-01

1.100000000000000e+00
37

1.195999999999958e-08

4.305509743204315e-02

1.100000000000000e+00

4.000000000041965e-02

1.100000000000000e+00
38

1.200000000000000e-08

2.772653398070675e-03

1.100000000000000e+00

4.135689186945957e-16

1.100000000000000e+00
39

1.208000000000084e-08

1.003796586869955e-04

1.100000000000000e+00

0.000000000000000e+00

1.100000000000000e+00
40

1.224000000000252e-08

-8.747043685117558e-05

1.100000000000000e+00

0.000000000000000e+00

1.100000000000000e+00
41

1.256000000000587e-08

9.054916553830610e-05

1.100000000000000e+00

0.000000000000000e+00

1.100000000000000e+00
42

1.320000000001258e-08

-8.298485262509828e-05

1.100000000000000e+00

0.000000000000000e+00

1.100000000000000e+00
43

1.420000000001258e-08

8.813002671945128e-05

1.100000000000000e+00

0.000000000000000e+00

1.100000000000000e+00
44

1.500000000000000e-08

-8.065007151752204e-05

1.100000000000000e+00

0.000000000000000e+00

1.100000000000000e+00
45

1.510000000000000e-08

9.703617002192019e-02

1.100000000000000e+00

1.000000000000009e-01

1.100000000000000e+00
46

1.530000000000000e-08

2.958644703474806e-01

1.100000000000000e+00

2.999999999999994e-01

1.100000000000000e+00
47

1.570000000000000e-08

6.963519793688148e-01

1.100000000000000e+00

6.999999999999996e-01

1.100000000000000e+00
48

1.600000000000000e-08

9.982735446820198e-01

1.099999999999999e+00

9.999999999999990e-01

1.099999999999999e+00
49

1.608000000000000e-08

1.000192922683420e+00

1.011999999999998e+00

1.000000000000000e+00

1.011999999999998e+00
50

1.624000000000000e-08

1.000351468986473e+00

8.359999999999985e-01

1.000000000000000e+00

8.359999999999985e-01
51

1.656000000000000e-08

9.049769328649073e-01

4.839999999999997e-01

1.000000000000000e+00

4.839999999999997e-01
52

1.700000000000000e-08

1.011259122031438e-02

4.549312315749177e-16

1.000000000000000e+00

4.549312315749177e-16
53

1.706400000000000e-08

4.421955265478513e-04

0.000000000000000e+00

1.000000000000000e+00

0.000000000000000e+00
54

1.719200000000000e-08

-4.004595295574389e-04

0.000000000000000e+00

1.000000000000000e+00

0.000000000000000e+00
55

1.744800000000000e-08

3.873007902356044e-04

0.000000000000000e+00

1.000000000000000e+00

0.000000000000000e+00
56

1.796000000000000e-08

-3.745598904351596e-04

0.000000000000000e+00

1.000000000000000e+00

0.000000000000000e+00
57

1.896000000000000e-08

3.745948458020778e-04

0.000000000000000e+00

1.000000000000000e+00

0.000000000000000e+00
58

1.995999999999999e-08

-3.661030214412544e-04

0.000000000000000e+00

1.000000000000000e+00

0.000000000000000e+00
59

2.000000000000000e-08

2.791339385610130e-04

0.000000000000000e+00

1.000000000000000e+00

0.000000000000000e+00
60

2.008000000000001e-08

8.473000899850627e-02

8.800000000001243e-02

1.000000000000000e+00

8.800000000001243e-02
61

2.024000000000003e-08

2.544729066198815e-01

2.640000000000373e-01

1.000000000000000e+00

2.640000000000373e-01
62

2.056000000000008e-08

9.383548557718281e-01

6.160000000000870e-01

1.000000000000000e+00

6.160000000000870e-01
63

2.100000000000000e-08

1.003637706059795e+00

1.099999999999999e+00

1.000000000000000e+00

1.099999999999999e+00
64

2.106400000000001e-08

1.000080493627223e+00

1.100000000000000e+00

1.000000000000000e+00

1.100000000000000e+00
65

2.119200000000003e-08

9.999229075304952e-01

1.100000000000000e+00

1.000000000000000e+00

1.100000000000000e+00
66

2.144800000000006e-08

1.000074368792027e+00

1.100000000000000e+00

1.000000000000000e+00

1.100000000000000e+00
67

2.196000000000014e-08

9.999256997193379e-01

1.100000000000000e+00

1.000000000000000e+00

1.100000000000000e+00
68

2.296000000000013e-08

1.000072983513958e+00

1.100000000000000e+00

1.000000000000000e+00

1.100000000000000e+00
69

2.396000000000013e-08

9.999266296068475e-01

1.100000000000000e+00

1.000000000000000e+00

1.100000000000000e+00
70

2.496000000000013e-08

1.000072059699959e+00

1.100000000000000e+00

1.000000000000000e+00

1.100000000000000e+00
71

2.596000000000013e-08

9.999275477950564e-01

1.100000000000000e+00

1.000000000000000e+00

1.100000000000000e+00
72

2.600000000000000e-08

1.000060969270497e+00

1.099999999999999e+00

1.000000000000000e+00

1.099999999999999e+00
73

2.607999999999974e-08

9.223797513455158e-01

1.012000000000285e+00

9.200000000002611e-01

1.012000000000285e+00
74

2.623999999999922e-08

7.838411096812529e-01

8.360000000008574e-01

7.600000000007811e-01

8.360000000008574e-01
75

2.655999999999818e-08

6.505800574294269e-01

4.840000000020015e-01

4.400000000018212e-01

4.840000000020015e-01
76

2.700000000000000e-08

8.329449816129869e-03

4.549312315749177e-16

2.067953013690227e-15

4.549312315749177e-16
77

2.706399999999979e-08

3.637396227924128e-04

0.000000000000000e+00

0.000000000000000e+00

0.000000000000000e+00
78

2.719199999999937e-08

-3.303744308232225e-04

0.000000000000000e+00

0.000000000000000e+00

0.000000000000000e+00
79

2.744799999999854e-08

3.185281320050324e-04

0.000000000000000e+00

0.000000000000000e+00

0.000000000000000e+00
80

2.795999999999688e-08

-3.090392410359036e-04

0.000000000000000e+00

0.000000000000000e+00

0.000000000000000e+00
81

2.895999999999688e-08

3.093620052766653e-04

0.000000000000000e+00

0.000000000000000e+00

0.000000000000000e+00
82

2.995999999999688e-08

-3.032465317373604e-04

0.000000000000000e+00

0.000000000000000e+00

0.000000000000000e+00
83

3.000000000000000e-08

2.292777131782571e-04

0.000000000000000e+00

0.000000000000000e+00

0.000000000000000e+00
84

3.008000000000625e-08

8.472742571301976e-02

8.800000000686943e-02

8.000000000624494e-02

8.800000000686943e-02
85

3.024000000001874e-08

2.544415758075069e-01

2.640000000206083e-01

2.400000000187348e-01

2.640000000206083e-01
86

3.056000000004372e-08

4.295111681071520e-01

6.160000000480861e-01

5.600000000437145e-01

6.160000000480861e-01
87

3.100000000000001e-08

9.961281672302543e-01

1.100000000000000e+00

1.000000000000000e+00

1.100000000000000e+00
88

3.106400000000500e-08

9.998985728854713e-01

1.100000000000000e+00

1.000000000000000e+00

1.100000000000000e+00
89

3.119200000001499e-08

1.000095684923516e+00

1.100000000000000e+00

1.000000000000000e+00

1.100000000000000e+00
90

3.144800000003498e-08

9.999058055197499e-01

1.100000000000000e+00

1.000000000000000e+00

1.100000000000000e+00
91

3.196000000007495e-08

1.000092186143466e+00

1.100000000000000e+00

1.000000000000000e+00

1.100000000000000e+00
92

3.296000000007495e-08

9.999075433261051e-01

1.100000000000000e+00

1.000000000000000e+00

1.100000000000000e+00
93

3.396000000007495e-08

1.000091020812975e+00

1.100000000000000e+00

1.000000000000000e+00

1.100000000000000e+00
94

3.496000000007495e-08

9.999087016259837e-01

1.100000000000000e+00

1.000000000000000e+00

1.100000000000000e+00
95

3.596000000007495e-08

1.000089870140695e+00

1.100000000000000e+00

1.000000000000000e+00

1.100000000000000e+00
96

3.600000000000000e-08

9.999224409456805e-01

1.099999999999999e+00

1.000000000000000e+00

1.099999999999999e+00
97

3.607999999985010e-08

1.000231842339760e+00

1.012000000164890e+00

1.000000000000000e+00

1.012000000164890e+00
98

3.623999999955030e-08

1.000264720496431e+00

8.360000004946704e-01

1.000000000000000e+00

8.360000004946704e-01
99

3.655999999895070e-08

9.056903381736475e-01

4.840000011542316e-01

1.000000000000000e+00

4.840000011542316e-01
100

3.700000000000001e-08

1.006618892662714e-02

0.000000000000000e+00

1.000000000000000e+00

0.000000000000000e+00
101

3.706399999988009e-08

4.401752976005451e-04

0.000000000000000e+00

1.000000000000000e+00

0.000000000000000e+00
102

3.719199999964024e-08

-3.986121289858518e-04

0.000000000000000e+00

1.000000000000000e+00

0.000000000000000e+00
103

3.744799999916056e-08

3.855326724204410e-04

0.000000000000000e+00

1.000000000000000e+00

0.000000000000000e+00
104

3.795999999820120e-08

-3.728312935449618e-04

0.000000000000000e+00

1.000000000000000e+00

0.000000000000000e+00
105

3.895999999820121e-08

3.728850764599219e-04

0.000000000000000e+00

1.000000000000000e+00

0.000000000000000e+00
106

3.995999999820121e-08

-3.644132440370597e-04

0.000000000000000e+00

1.000000000000000e+00

0.000000000000000e+00
107

4.000000000000000e-08

2.778624685263546e-04

0.000000000000000e+00

1.000000000000000e+00

0.000000000000000e+00
108

4.008000000359759e-08

8.472996307794381e-02

8.800000395734375e-02

1.000000000000000e+00

8.800000395734375e-02
109

4.024000001079276e-08

2.544730502552488e-01

2.640000118720313e-01

1.000000000000000e+00

2.640000118720313e-01
110

4.056000002518310e-08

9.383546032828799e-01

6.160000277014063e-01

1.000000000000000e+00

6.160000277014063e-01
111

4.100000000000000e-08

1.003637717459283e+00

1.100000000000000e+00

1.000000000000000e+00

1.100000000000000e+00
112

4.106400000287807e-08

9.378046271772176e-01

1.100000000000000e+00

9.359999971219355e-01

1.100000000000000e+00
113

4.119200000863421e-08

8.102406674421824e-01

1.100000000000000e+00

8.079999913657978e-01

1.100000000000000e+00
114

4.144800002014648e-08

5.642438600955102e-01

1.100000000000000e+00

5.519999798535224e-01

1.100000000000000e+00
115

4.196000004317103e-08

4.305505419228513e-02

1.100000000000000e+00

3.999995682897840e-02

1.100000000000000e+00
116

4.200000000000001e-08

2.772653401959688e-03

1.100000000000000e+00

0.000000000000000e+00

1.100000000000000e+00
117

4.207999991365796e-08

1.003797601199066e-04

1.100000000000000e+00

0.000000000000000e+00

1.100000000000000e+00
118

4.223999974097388e-08

-8.747052436002988e-05

1.100000000000000e+00

0.000000000000000e+00

1.100000000000000e+00
119

4.255999939560572e-08

9.054924665967630e-05

1.100000000000000e+00

0.000000000000000e+00

1.100000000000000e+00
120

4.319999870486939e-08

-8.298493105370239e-05

1.100000000000000e+00

0.000000000000000e+00

1.100000000000000e+00
121

4.419999870486940e-08

8.813010412659283e-05

1.100000000000000e+00

0.000000000000000e+00

1.100000000000000e+00
122

4.500000000000001e-08

-8.065014979280854e-05

1.100000000000000e+00

0.000000000000000e+00

1.100000000000000e+00
123

4.510000000000001e-08

9.703617001967695e-02

1.100000000000000e+00

1.000000000000009e-01

1.100000000000000e+00
124

4.530000000000001e-08

2.958644703503569e-01

1.100000000000000e+00

3.000000000000027e-01

1.100000000000000e+00
125

4.570000000000001e-08

6.963519793663171e-01

1.100000000000000e+00

6.999999999999996e-01

1.100000000000000e+00
126

4.600000000000000e-08

9.982735446828384e-01

1.099999999999999e+00

9.999999999999957e-01

1.099999999999999e+00
127

4.608000000000000e-08

1.000192922683439e+00

1.012000000000002e+00

1.000000000000000e+00

1.012000000000002e+00
128

4.624000000000000e-08

1.000351468986420e+00

8.360000000000057e-01

1.000000000000000e+00

8.360000000000057e-01
129

4.655999999999999e-08

9.049769328652637e-01

4.840000000000070e-01

1.000000000000000e+00

4.840000000000070e-01
130

4.700000000000000e-08

1.011259122029134e-02

0.000000000000000e+00

1.000000000000000e+00

0.000000000000000e+00
131

4.706400000000000e-08

4.421955265468454e-04

0.000000000000000e+00

1.000000000000000e+00

0.000000000000000e+00
132

4.719200000000000e-08

-4.004595295565350e-04

0.000000000000000e+00

1.000000000000000e+00

0.000000000000000e+00
133

4.744800000000000e-08

3.873007902347284e-04

0.000000000000000e+00

1.000000000000000e+00

0.000000000000000e+00
134

4.796000000000000e-08

-3.745598904343294e-04

0.000000000000000e+00

1.000000000000000e+00

0.000000000000000e+00
135

4.896000000000000e-08

3.745948458012582e-04

0.000000000000000e+00

1.000000000000000e+00

0.000000000000000e+00
136

4.996000000000001e-08

-3.661030214404440e-04

0.000000000000000e+00

1.000000000000000e+00

0.000000000000000e+00
137

5.000000000000000e-08

2.791339385603527e-04

0.000000000000000e+00

1.000000000000000e+00

0.000000000000000e+00
138

5.007999999999998e-08

8.473000899847735e-02

8.799999999998331e-02

1.000000000000000e+00

8.799999999998331e-02
139

5.023999999999995e-08

2.544729066198071e-01

2.639999999999499e-01

1.000000000000000e+00

2.639999999999499e-01
140

5.055999999999989e-08

9.383548557714835e-01

6.159999999998832e-01

1.000000000000000e+00

6.159999999998832e-01
141

5.100000000000000e-08

1.003637706059792e+00

1.100000000000000e+00

1.000000000000000e+00

1.100000000000000e+00
142

5.106399999999999e-08

1.000080493627223e+00

1.100000000000000e+00

1.000000000000000e+00

1.100000000000000e+00
143

5.119199999999996e-08

9.999229075304952e-01

1.100000000000000e+00

1.000000000000000e+00

1.100000000000000e+00
144

5.144799999999991e-08

1.000074368792027e+00

1.100000000000000e+00

1.000000000000000e+00

1.100000000000000e+00
145

5.195999999999982e-08

9.999256997193376e-01

1.100000000000000e+00

1.000000000000000e+00

1.100000000000000e+00
146

5.295999999999982e-08

1.000072983513958e+00

1.100000000000000e+00

1.000000000000000e+00

1.100000000000000e+00
147

5.395999999999982e-08

9.999266296068473e-01

1.100000000000000e+00

1.000000000000000e+00

1.100000000000000e+00
148

5.495999999999983e-08

1.000072059699959e+00

1.100000000000000e+00

1.000000000000000e+00

1.100000000000000e+00
149

5.595999999999983e-08

9.999275477950564e-01

1.100000000000000e+00

1.000000000000000e+00

1.100000000000000e+00
150

5.600000000000000e-08

1.000060969270497e+00

1.099999999999999e+00

1.000000000000000e+00

1.099999999999999e+00
151

5.608000000000034e-08

9.223797513449280e-01

1.011999999999623e+00

9.199999999996655e-01

1.011999999999623e+00
152

5.624000000000103e-08

7.838411096804931e-01

8.359999999988702e-01

7.599999999989812e-01

8.359999999988702e-01
153

5.656000000000239e-08

6.505800574298938e-01

4.839999999973646e-01

4.399999999976125e-01

4.839999999973646e-01
154

5.700000000000000e-08

8.329449816215764e-03

0.000000000000000e+00

5.376666993572865e-15

0.000000000000000e+00
155

5.706400000000027e-08

3.637396227935370e-04

0.000000000000000e+00

0.000000000000000e+00

0.000000000000000e+00
156

5.719200000000082e-08

-3.303744308244737e-04

0.000000000000000e+00

0.000000000000000e+00

0.000000000000000e+00
157

5.744800000000192e-08

3.185281320063186e-04

0.000000000000000e+00

0.000000000000000e+00

0.000000000000000e+00
158

5.796000000000411e-08

-3.090392410372097e-04

0.000000000000000e+00

0.000000000000000e+00

0.000000000000000e+00
159

5.896000000000411e-08

3.093620052779502e-04

0.000000000000000e+00

0.000000000000000e+00

0.000000000000000e+00
160

5.996000000000411e-08

-3.032465317386304e-04

0.000000000000000e+00

0.000000000000000e+00

0.000000000000000e+00
161

5.999999999999999e-08

2.292777131673696e-04

0.000000000000000e+00

0.000000000000000e+00

0.000000000000000e+00
162

6.007999999999177e-08

8.472742569720317e-02

8.799999999094256e-02

7.999999999176596e-02

8.799999999094256e-02
163

6.023999999997533e-08

2.544415757668260e-01

2.639999999728568e-01

2.399999999753244e-01

2.639999999728568e-01
164

6.055999999994245e-08

4.295111680527911e-01

6.159999999366853e-01

5.599999999424411e-01

6.159999999366853e-01
165

6.100000000000000e-08

9.961281672308123e-01

1.099999999999995e+00

9.999999999999957e-01

1.099999999999995e+00
166

6.106399999999343e-08

9.998985728854680e-01

1.100000000000000e+00

1.000000000000000e+00

1.100000000000000e+00
167

6.119199999998028e-08

1.000095684923519e+00

1.100000000000000e+00

1.000000000000000e+00

1.100000000000000e+00
168

6.144799999995396e-08

9.999058055197482e-01

1.100000000000000e+00

1.000000000000000e+00

1.100000000000000e+00
169

6.195999999990135e-08

1.000092186143468e+00

1.100000000000000e+00

1.000000000000000e+00

1.100000000000000e+00
170

6.295999999990135e-08

9.999075433261035e-01

1.100000000000000e+00

1.000000000000000e+00

1.100000000000000e+00
171

6.395999999990135e-08

1.000091020812977e+00

1.100000000000000e+00

1.000000000000000e+00

1.100000000000000e+00
172

6.495999999990134e-08

9.999087016259822e-01

1.100000000000000e+00

1.000000000000000e+00

1.100000000000000e+00
173

6.595999999990134e-08

1.000089870140696e+00

1.100000000000000e+00

1.000000000000000e+00

1.100000000000000e+00
174

6.600000000000001e-08

9.999224409456259e-01

1.099999999999999e+00

1.000000000000000e+00

1.099999999999999e+00
175

6.608000000019735e-08

1.000231842339871e+00

1.011999999782921e+00

1.000000000000000e+00

1.011999999782921e+00
176

6.624000000059204e-08

1.000264720496904e+00

8.359999993487658e-01

1.000000000000000e+00

8.359999993487658e-01
177

6.656000000138141e-08

9.056903358389229e-01

4.839999984804544e-01

1.000000000000000e+00

4.839999984804544e-01
178

6.700000000000000e-08

1.006618892286342e-02

4.094489504391507e-15

1.000000000000000e+00

4.094489504391507e-15
179

6.706400000015788e-08

4.401752956172366e-04

0.000000000000000e+00

1.000000000000000e+00

0.000000000000000e+00
180

6.719200000047362e-08

-3.986121273270686e-04

0.000000000000000e+00

1.000000000000000e+00

0.000000000000000e+00
181

6.744800000110512e-08

3.855326709067537e-04

0.000000000000000e+00

1.000000000000000e+00

0.000000000000000e+00
182

6.796000000236813e-08

-3.728312921012094e-04

0.000000000000000e+00

1.000000000000000e+00

0.000000000000000e+00
183

6.896000000236812e-08

3.728850750319239e-04

0.000000000000000e+00

1.000000000000000e+00

0.000000000000000e+00
184

6.996000000236812e-08

-3.644132426257310e-04

0.000000000000000e+00

1.000000000000000e+00

0.000000000000000e+00
185

7.000000000000000e-08

2.778624592055878e-04

0.000000000000000e+00

1.000000000000000e+00

0.000000000000000e+00
186

7.007999999526378e-08

8.472995397394519e-02

8.799999479015101e-02

1.000000000000000e+00

8.799999479015101e-02
187

7.023999998579133e-08

2.544730267855310e-01

2.639999843704530e-01

1.000000000000000e+00

2.639999843704530e-01
188

7.055999996684642e-08

9.383544948756631e-01

6.159999635310570e-01

1.000000000000000e+00

6.159999635310570e-01
189

7.100000000000000e-08

1.003637716579801e+00

1.099999999999995e+00

1.000000000000000e+00

1.099999999999995e+00
190

7.106399999621102e-08

9.378046338102020e-01

1.100000000000000e+00

9.360000037889914e-01

1.100000000000000e+00
191

7.119199998863305e-08

8.102406873249828e-01

1.100000000000000e+00

8.080000113669589e-01

1.100000000000000e+00
192

7.144799997347713e-08

5.642439052020269e-01

1.100000000000000e+00

5.520000265228806e-01

1.100000000000000e+00
193

7.195999994316528e-08

4.305515434180945e-02

1.100000000000000e+00

4.000005683472403e-02

1.100000000000000e+00
194

7.200000000000001e-08

2.772653403380525e-03

1.100000000000000e+00

0.000000000000000e+00

1.100000000000000e+00
195

7.208000011366946e-08

1.003795255191146e-04

1.100000000000000e+00

0.000000000000000e+00

1.100000000000000e+00
196

7.224000034100836e-08

-8.747032198898307e-05

1.100000000000000e+00

0.000000000000000e+00

1.100000000000000e+00
197

7.256000079568616e-08

9.054905907324639e-05

1.100000000000000e+00

0.000000000000000e+00

1.100000000000000e+00
198

7.320000170504177e-08

-8.298474970085010e-05

1.100000000000000e+00

0.000000000000000e+00

1.100000000000000e+00
199

7.420000170504176e-08

8.812992513517591e-05

1.100000000000000e+00

0.000000000000000e+00

1.100000000000000e+00
200

7.500000000000001e-08

-8.064996878566265e-05

1.100000000000000e+00

0.000000000000000e+00

1.100000000000000e+00
201

7.510000000000000e-08

9.703617002485788e-02

1.100000000000000e+00

9.999999999999427e-02

1.100000000000000e+00
202

7.530000000000001e-08

2.958644703437058e-01

1.100000000000000e+00

2.999999999999960e-01

1.100000000000000e+00
203

7.570000000000001e-08

6.963519793720927e-01

1.100000000000000e+00

6.999999999999996e-01

1.100000000000000e+00
204

7.600000000000001e-08

9.982735446809375e-01

1.099999999999999e+00

9.999999999999957e-01

1.099999999999999e+00
205

7.608000000000000e-08

1.000192922683394e+00

1.012000000000002e+00

1.000000000000000e+00

1.012000000000002e+00
206

7.624000000000000e-08

1.000351468986544e+00

8.360000000000057e-01

1.000000000000000e+00

8.360000000000057e-01
207

7.655999999999999e-08

9.049769328644581e-01

4.840000000000143e-01

1.000000000000000e+00

4.840000000000143e-01
208

7.700000000000000e-08

1.011259122034783e-02

4.094489504391507e-15

1.000000000000000e+00

4.094489504391507e-15
209

7.706399999999999e-08

4.421955265493055e-04

0.000000000000000e+00

1.000000000000000e+00

0.000000000000000e+00
210

7.719199999999999e-08

-4.004595295587817e-04

0.000000000000000e+00

1.000000000000000e+00

0.000000000000000e+00
211

7.744799999999999e-08

3.873007902368686e-04

0.000000000000000e+00

1.000000000000000e+00

0.000000000000000e+00
212

7.795999999999999e-08

-3.745598904364194e-04

0.000000000000000e+00

1.000000000000000e+00

0.000000000000000e+00
213

7.895999999999999e-08

3.745948458032994e-04

0.000000000000000e+00

1.000000000000000e+00

0.000000000000000e+00
214

7.995999999999998e-08

-3.661030214424621e-04

0.000000000000000e+00

1.000000000000000e+00

0.000000000000000e+00
215

8.000000000000000e-08

2.791339385619388e-04

0.000000000000000e+00

1.000000000000000e+00

0.000000000000000e+00
216

8.008000000000004e-08

8.473000899853525e-02

8.800000000004156e-02

1.000000000000000e+00

8.800000000004156e-02
217

8.024000000000011e-08

2.544729066199560e-01

2.640000000001246e-01

1.000000000000000e+00

2.640000000001246e-01
218

8.056000000000027e-08

9.383548557721728e-01

6.160000000002909e-01

1.000000000000000e+00

6.160000000002909e-01
219

8.100000000000000e-08

1.003637706059797e+00

1.099999999999995e+00

1.000000000000000e+00

1.099999999999995e+00
220

8.106400000000003e-08

1.000080493627223e+00

1.100000000000000e+00

1.000000000000000e+00

1.100000000000000e+00
221

8.119200000000010e-08

9.999229075304948e-01

1.100000000000000e+00

1.000000000000000e+00

1.100000000000000e+00
222

8.144800000000021e-08

1.000074368792027e+00

1.100000000000000e+00

1.000000000000000e+00

1.100000000000000e+00
223

8.196000000000045e-08

9.999256997193380e-01

1.100000000000000e+00

1.000000000000000e+00

1.100000000000000e+00
224

8.296000000000045e-08

1.000072983513958e+00

1.100000000000000e+00

1.000000000000000e+00

1.100000000000000e+00
225

8.396000000000044e-08

9.999266296068473e-01

1.100000000000000e+00

1.000000000000000e+00

1.100000000000000e+00
226

8.496000000000044e-08

1.000072059699959e+00

1.100000000000000e+00

1.000000000000000e+00

1.100000000000000e+00
227

8.596000000000043e-08

9.999275477950564e-01

1.100000000000000e+00

1.000000000000000e+00

1.100000000000000e+00
228

8.600000000000000e-08

1.000060969270497e+00

1.099999999999999e+00

1.000000000000000e+00

1.099999999999999e+00
229

8.607999999999914e-08

9.223797513461168e-01

1.012000000000948e+00

9.200000000008699e-01

1.012000000000948e+00
230

8.623999999999742e-08

7.838411096820254e-01

8.360000000028447e-01

7.600000000025943e-01

8.360000000028447e-01
231

8.655999999999397e-08

6.505800574289364e-01

4.840000000066383e-01

4.400000000060431e-01

4.840000000066383e-01
232

8.700000000000000e-08

8.329449816046802e-03

4.094489504391507e-15

1.199409495333814e-14

4.094489504391507e-15
233

8.706399999999930e-08

3.637396227914063e-04

0.000000000000000e+00

0.000000000000000e+00

0.000000000000000e+00
234

8.719199999999793e-08

-3.303744308220942e-04

0.000000000000000e+00

0.000000000000000e+00

0.000000000000000e+00
235

8.744799999999517e-08

3.185281320038287e-04

0.000000000000000e+00

0.000000000000000e+00

0.000000000000000e+00
236

8.795999999998965e-08

-3.090392410346775e-04

0.000000000000000e+00

0.000000000000000e+00

0.000000000000000e+00
237

8.895999999998965e-08

3.093620052754557e-04

0.000000000000000e+00

0.000000000000000e+00

0.000000000000000e+00
238

8.995999999998964e-08

-3.032465317361467e-04

0.000000000000000e+00

0.000000000000000e+00

0.000000000000000e+00
239

9.000000000000000e-08

2.292777131892978e-04

0.000000000000000e+00

0.000000000000000e+00

0.000000000000000e+00
240

9.008000000002071e-08

8.472742572882244e-02

8.800000002278174e-02

8.000000002069743e-02

8.800000002278174e-02
241

9.024000000006213e-08

2.544415758481740e-01

2.640000000683452e-01

2.400000000621188e-01

2.640000000683452e-01
242

9.056000000014497e-08

4.295111681615281e-01

6.160000001594722e-01

5.600000001449614e-01

6.160000001594722e-01
243

9.099999999999999e-08

9.961281672296747e-01

1.099999999999995e+00

9.999999999999825e-01

1.099999999999995e+00
244

9.106400000001656e-08

9.998985728854740e-01

1.100000000000000e+00

1.000000000000000e+00

1.100000000000000e+00
245

9.119200000004970e-08

1.000095684923514e+00

1.100000000000000e+00

1.000000000000000e+00

1.100000000000000e+00
246

9.144800000011598e-08

9.999058055197514e-01

1.100000000000000e+00

1.000000000000000e+00

1.100000000000000e+00
247

9.196000000024852e-08

1.000092186143466e+00

1.100000000000000e+00

1.000000000000000e+00

1.100000000000000e+00
248

9.296000000024852e-08

9.999075433261060e-01

1.100000000000000e+00

1.000000000000000e+00

1.100000000000000e+00
249

9.396000000024851e-08

1.000091020812974e+00

1.100000000000000e+00

1.000000000000000e+00

1.100000000000000e+00
250

9.496000000024851e-08

9.999087016259848e-01

1.100000000000000e+00

1.000000000000000e+00

1.100000000000000e+00
251

9.596000000024851e-08

1.000089870140694e+00

1.100000000000000e+00

1.000000000000000e+00

1.100000000000000e+00
252

9.600000000000000e-08

9.999224409457336e-01

1.099999999999999e+00

1.000000000000000e+00

1.099999999999999e+00
253

9.607999999950299e-08

1.000231842339648e+00

1.012000000546712e+00

1.000000000000000e+00

1.012000000546712e+00
254

9.623999999850896e-08

1.000264720495959e+00

8.360000016401382e-01

1.000000000000000e+00

8.360000016401382e-01
255

9.655999999652092e-08

9.056903405074823e-01

4.840000038269898e-01

1.000000000000000e+00

4.840000038269898e-01
256

9.700000000000000e-08

1.006618893039791e-02

4.094489504391507e-15

1.000000000000000e+00

4.094489504391507e-15
257

9.706399999960239e-08

4.401752995834808e-04

0.000000000000000e+00

1.000000000000000e+00

0.000000000000000e+00
258

9.719199999880717e-08

-3.986121306443593e-04

0.000000000000000e+00

1.000000000000000e+00

0.000000000000000e+00
259

9.744799999721673e-08

3.855326739339356e-04

0.000000000000000e+00

1.000000000000000e+00

0.000000000000000e+00
260

9.795999999403585e-08

-3.728312949885608e-04

0.000000000000000e+00

1.000000000000000e+00

0.000000000000000e+00
261

9.895999999403585e-08

3.728850778877679e-04

0.000000000000000e+00

1.000000000000000e+00

0.000000000000000e+00
262

9.995999999403585e-08

-3.644132454482123e-04

0.000000000000000e+00

1.000000000000000e+00

0.000000000000000e+00
263

1.000000000000000e-07

2.778624778439462e-04

0.000000000000000e+00

1.000000000000000e+00

0.000000000000000e+00
