Title:
*pass
transistor

Date:
Thu
Dec

1
14:39:53

2011
Plotname:
Transient
Analysis
Flags:
real
No.
Variables:
5
No.
Points:
176





Variables:

0
time
time

1
v(out)
voltage

2
v(in)
voltage

3
v(clk)
voltage

4
v(clk1)
voltage
Values:
0

0.000000000000000e+00

1.106559017557066e-01

0.000000000000000e+00

0.000000000000000e+00

1.000000000000000e+00
1

5.000000000000001e-12

1.108771078753674e-01

5.000000000000000e-03

5.000000000000000e-03

9.950000000000000e-01
2

1.000000000000000e-11

1.111019744121171e-01

1.000000000000000e-02

1.000000000000000e-02

9.900000000000000e-01
3

2.000000000000000e-11

1.115629171764188e-01

2.000000000000000e-02

2.000000000000000e-02

9.800000000000000e-01
4

4.000000000000000e-11

1.125303072943263e-01

4.000000000000000e-02

4.000000000000000e-02

9.600000000000000e-01
5

8.000000000000001e-11

1.146491904217183e-01

8.000000000000000e-02

8.000000000000000e-02

9.200000000000000e-01
6

1.600000000000000e-10

1.196030515434523e-01

1.600000000000000e-01

1.600000000000000e-01

8.400000000000000e-01
7

3.200000000000000e-10

1.328350976317270e-01

3.200000000000000e-01

3.200000000000000e-01

6.799999999999999e-01
8

6.400000000000001e-10

2.826751812140825e-01

6.400000000000000e-01

6.400000000000000e-01

3.600000000000000e-01
9

1.000000000000000e-09

9.958309637060400e-01

1.000000000000000e+00

1.000000000000000e+00

0.000000000000000e+00
10

1.064000000000000e-09

9.999056375294623e-01

1.000000000000000e+00

1.000000000000000e+00

0.000000000000000e+00
11

1.192000000000000e-09

1.000089638716319e+00

1.000000000000000e+00

1.000000000000000e+00

0.000000000000000e+00
12

1.448000000000000e-09

9.999113918501213e-01

1.000000000000000e+00

1.000000000000000e+00

0.000000000000000e+00
13

1.960000000000000e-09

1.000086841360035e+00

1.000000000000000e+00

1.000000000000000e+00

0.000000000000000e+00
14

2.960000000000000e-09

9.999127843678254e-01

1.000000000000000e+00

1.000000000000000e+00

0.000000000000000e+00
15

3.960000000000000e-09

1.000085906248833e+00

1.000000000000000e+00

1.000000000000000e+00

0.000000000000000e+00
16

4.959999999999999e-09

9.999137147069629e-01

1.000000000000000e+00

1.000000000000000e+00

0.000000000000000e+00
17

5.959999999999999e-09

1.000084981154096e+00

1.000000000000000e+00

1.000000000000000e+00

0.000000000000000e+00
18

6.959999999999999e-09

9.999146350781585e-01

1.000000000000000e+00

1.000000000000000e+00

0.000000000000000e+00
19

7.960000000000000e-09

1.000084065968522e+00

1.000000000000000e+00

1.000000000000000e+00

0.000000000000000e+00
20

8.960000000000000e-09

9.999155455882267e-01

1.000000000000000e+00

1.000000000000000e+00

0.000000000000000e+00
21

9.960000000000001e-09

1.000083160585972e+00

1.000000000000000e+00

1.000000000000000e+00

0.000000000000000e+00
22

1.096000000000000e-08

9.999164463428453e-01

1.000000000000000e+00

1.000000000000000e+00

0.000000000000000e+00
23

1.100000000000000e-08

1.000072156509158e+00

9.999999999999993e-01

9.999999999999993e-01

6.203854594147708e-16
24

1.108000000000000e-08

9.220253161618420e-01

9.200000000000013e-01

9.200000000000013e-01

7.999999999999868e-02
25

1.124000000000000e-08

7.769484767534780e-01

7.600000000000052e-01

7.600000000000052e-01

2.399999999999948e-01
26

1.155999999999999e-08

6.315765115576603e-01

4.400000000000129e-01

4.400000000000129e-01

5.599999999999871e-01
27

1.200000000000000e-08

6.433948193036769e-01

4.135689186945957e-16

4.135689186945957e-16

9.999999999999996e-01
28

1.206400000000000e-08

6.433440714074459e-01

0.000000000000000e+00

0.000000000000000e+00

1.000000000000000e+00
29

1.219199999999999e-08

6.432426146854839e-01

0.000000000000000e+00

0.000000000000000e+00

1.000000000000000e+00
30

1.244799999999999e-08

6.430397766576452e-01

0.000000000000000e+00

0.000000000000000e+00

1.000000000000000e+00
31

1.295999999999998e-08

6.426344033616423e-01

0.000000000000000e+00

0.000000000000000e+00

1.000000000000000e+00
32

1.395999999999998e-08

6.418438204219566e-01

0.000000000000000e+00

0.000000000000000e+00

1.000000000000000e+00
33

1.495999999999998e-08

6.410547704885456e-01

0.000000000000000e+00

0.000000000000000e+00

1.000000000000000e+00
34

1.595999999999998e-08

6.402672485836518e-01

0.000000000000000e+00

0.000000000000000e+00

1.000000000000000e+00
35

1.695999999999997e-08

6.394812497569391e-01

0.000000000000000e+00

0.000000000000000e+00

1.000000000000000e+00
36

1.795999999999997e-08

6.386967690812182e-01

0.000000000000000e+00

0.000000000000000e+00

1.000000000000000e+00
37

1.895999999999997e-08

6.379138016563817e-01

0.000000000000000e+00

0.000000000000000e+00

1.000000000000000e+00
38

1.995999999999997e-08

6.371323426051066e-01

0.000000000000000e+00

0.000000000000000e+00

1.000000000000000e+00
39

2.000000000000000e-08

6.371011155663193e-01

0.000000000000000e+00

0.000000000000000e+00

1.000000000000000e+00
40

2.008000000000006e-08

6.360752560877725e-01

8.000000000005762e-02

8.000000000005762e-02

9.199999999999424e-01
41

2.024000000000017e-08

6.327741224772748e-01

2.400000000001729e-01

2.400000000001729e-01

7.599999999998271e-01
42

2.056000000000040e-08

6.209474646194519e-01

5.600000000004034e-01

5.600000000004034e-01

4.399999999995967e-01
43

2.100000000000000e-08

9.976409358018310e-01

9.999999999999990e-01

9.999999999999990e-01

1.033949401790801e-15
44

2.106400000000005e-08

9.999479533751330e-01

1.000000000000000e+00

1.000000000000000e+00

0.000000000000000e+00
45

2.119200000000014e-08

1.000050647139505e+00

1.000000000000000e+00

1.000000000000000e+00

0.000000000000000e+00
46

2.144800000000032e-08

9.999495804023736e-01

1.000000000000000e+00

1.000000000000000e+00

0.000000000000000e+00
47

2.196000000000069e-08

1.000049060627666e+00

1.000000000000000e+00

1.000000000000000e+00

0.000000000000000e+00
48

2.296000000000069e-08

9.999503701809412e-01

1.000000000000000e+00

1.000000000000000e+00

0.000000000000000e+00
49

2.396000000000069e-08

1.000048530209517e+00

1.000000000000000e+00

1.000000000000000e+00

0.000000000000000e+00
50

2.496000000000069e-08

9.999508978316406e-01

1.000000000000000e+00

1.000000000000000e+00

0.000000000000000e+00
51

2.596000000000069e-08

1.000048005473051e+00

1.000000000000000e+00

1.000000000000000e+00

0.000000000000000e+00
52

2.696000000000069e-08

9.999514198294601e-01

1.000000000000000e+00

1.000000000000000e+00

0.000000000000000e+00
53

2.796000000000069e-08

1.000047486357408e+00

1.000000000000000e+00

1.000000000000000e+00

0.000000000000000e+00
54

2.896000000000068e-08

9.999519362349678e-01

1.000000000000000e+00

1.000000000000000e+00

0.000000000000000e+00
55

2.996000000000069e-08

1.000046972802381e+00

1.000000000000000e+00

1.000000000000000e+00

0.000000000000000e+00
56

3.096000000000069e-08

9.999524471080832e-01

1.000000000000000e+00

1.000000000000000e+00

0.000000000000000e+00
57

3.100000000000000e-08

1.000040731041899e+00

1.000000000000000e+00

1.000000000000000e+00

0.000000000000000e+00
58

3.107999999999862e-08

9.220247310075393e-01

9.200000000013794e-01

9.200000000013794e-01

7.999999999862061e-02
59

3.123999999999586e-08

7.769528256072041e-01

7.600000000041361e-01

7.600000000041361e-01

2.399999999958639e-01
60

3.155999999999035e-08

6.315236432146688e-01

4.400000000096496e-01

4.400000000096496e-01

5.599999999903504e-01
61

3.200000000000000e-08

6.433371525904058e-01

0.000000000000000e+00

0.000000000000000e+00

1.000000000000000e+00
62

3.206399999999890e-08

6.432864118588202e-01

0.000000000000000e+00

0.000000000000000e+00

1.000000000000000e+00
63

3.219199999999669e-08

6.431849694938602e-01

0.000000000000000e+00

0.000000000000000e+00

1.000000000000000e+00
64

3.244799999999228e-08

6.429821601625035e-01

0.000000000000000e+00

0.000000000000000e+00

1.000000000000000e+00
65

3.295999999998346e-08

6.425768441876190e-01

0.000000000000000e+00

0.000000000000000e+00

1.000000000000000e+00
66

3.395999999998346e-08

6.417863729278600e-01

0.000000000000000e+00

0.000000000000000e+00

1.000000000000000e+00
67

3.495999999998347e-08

6.409974343115100e-01

0.000000000000000e+00

0.000000000000000e+00

1.000000000000000e+00
68

3.595999999998347e-08

6.402100233626619e-01

0.000000000000000e+00

0.000000000000000e+00

1.000000000000000e+00
69

3.695999999998347e-08

6.394241351328166e-01

0.000000000000000e+00

0.000000000000000e+00

1.000000000000000e+00
70

3.795999999998347e-08

6.386397646966102e-01

0.000000000000000e+00

0.000000000000000e+00

1.000000000000000e+00
71

3.895999999998348e-08

6.378569071557491e-01

0.000000000000000e+00

0.000000000000000e+00

1.000000000000000e+00
72

3.995999999998348e-08

6.370755576347107e-01

0.000000000000000e+00

0.000000000000000e+00

1.000000000000000e+00
73

4.000000000000000e-08

6.370443349697805e-01

0.000000000000000e+00

0.000000000000000e+00

1.000000000000000e+00
74

4.008000000003305e-08

6.360189542354434e-01

8.000000003304558e-02

8.000000003304558e-02

9.199999999669544e-01
75

4.024000000009914e-08

6.327193273204408e-01

2.400000000991367e-01

2.400000000991367e-01

7.599999999008632e-01
76

4.056000000023132e-08

6.208971616920602e-01

5.600000002313191e-01

5.600000002313191e-01

4.399999997686809e-01
77

4.100000000000000e-08

9.976406772448099e-01

1.000000000000000e+00

1.000000000000000e+00

0.000000000000000e+00
78

4.106400000002644e-08

9.999479457486771e-01

1.000000000000000e+00

1.000000000000000e+00

0.000000000000000e+00
79

4.119200000007931e-08

1.000050652642360e+00

1.000000000000000e+00

1.000000000000000e+00

0.000000000000000e+00
80

4.144800000018506e-08

9.999495750131286e-01

1.000000000000000e+00

1.000000000000000e+00

0.000000000000000e+00
81

4.196000000039655e-08

1.000049065959670e+00

1.000000000000000e+00

1.000000000000000e+00

0.000000000000000e+00
82

4.296000000039655e-08

9.999503648767519e-01

1.000000000000000e+00

1.000000000000000e+00

0.000000000000000e+00
83

4.396000000039655e-08

1.000048535484407e+00

1.000000000000000e+00

1.000000000000000e+00

0.000000000000000e+00
84

4.496000000039656e-08

9.999508925842766e-01

1.000000000000000e+00

1.000000000000000e+00

0.000000000000000e+00
85

4.596000000039656e-08

1.000048010691438e+00

1.000000000000000e+00

1.000000000000000e+00

0.000000000000000e+00
86

4.696000000039656e-08

9.999514146383126e-01

1.000000000000000e+00

1.000000000000000e+00

0.000000000000000e+00
87

4.796000000039656e-08

1.000047491519897e+00

1.000000000000000e+00

1.000000000000000e+00

0.000000000000000e+00
88

4.896000000039657e-08

9.999519310994345e-01

1.000000000000000e+00

1.000000000000000e+00

0.000000000000000e+00
89

4.996000000039657e-08

1.000046977909571e+00

1.000000000000000e+00

1.000000000000000e+00

0.000000000000000e+00
90

5.096000000039657e-08

9.999524420275685e-01

1.000000000000000e+00

1.000000000000000e+00

0.000000000000000e+00
91

5.100000000000000e-08

1.000040735476922e+00

1.000000000000000e+00

1.000000000000000e+00

0.000000000000000e+00
92

5.107999999920686e-08

9.220247318734808e-01

9.200000007931435e-01

9.200000007931435e-01

7.999999920685655e-02
93

5.123999999762057e-08

7.769528263798265e-01

7.600000023794282e-01

7.600000023794282e-01

2.399999976205717e-01
94

5.155999999444800e-08

6.315236509852425e-01

4.400000055519979e-01

4.400000055519979e-01

5.599999944480021e-01
95

5.200000000000000e-08

6.433371613216439e-01

0.000000000000000e+00

0.000000000000000e+00

1.000000000000000e+00
96

5.206399999936549e-08

6.432864205894735e-01

0.000000000000000e+00

0.000000000000000e+00

1.000000000000000e+00
97

5.219199999809646e-08

6.431849782233439e-01

0.000000000000000e+00

0.000000000000000e+00

1.000000000000000e+00
98

5.244799999555840e-08

6.429821688896489e-01

0.000000000000000e+00

0.000000000000000e+00

1.000000000000000e+00
99

5.295999999048229e-08

6.425768529100915e-01

0.000000000000000e+00

0.000000000000000e+00

1.000000000000000e+00
100

5.395999999048230e-08

6.417863816334097e-01

0.000000000000000e+00

0.000000000000000e+00

1.000000000000000e+00
101

5.495999999048230e-08

6.409974430001915e-01

0.000000000000000e+00

0.000000000000000e+00

1.000000000000000e+00
102

5.595999999048230e-08

6.402100320345296e-01

0.000000000000000e+00

0.000000000000000e+00

1.000000000000000e+00
103

5.695999999048230e-08

6.394241437879249e-01

0.000000000000000e+00

0.000000000000000e+00

1.000000000000000e+00
104

5.795999999048231e-08

6.386397733350139e-01

0.000000000000000e+00

0.000000000000000e+00

1.000000000000000e+00
105

5.895999999048231e-08

6.378569157775015e-01

0.000000000000000e+00

0.000000000000000e+00

1.000000000000000e+00
106

5.995999999048230e-08

6.370755662398655e-01

0.000000000000000e+00

0.000000000000000e+00

1.000000000000000e+00
107

6.000000000000001e-08

6.370443435668561e-01

0.000000000000000e+00

0.000000000000000e+00

1.000000000000000e+00
108

6.008000001903542e-08

6.360189624820706e-01

8.000001903540920e-02

8.000001903540920e-02

9.199999809645908e-01
109

6.024000005710624e-08

6.327193340541748e-01

2.400000571062276e-01

2.400000571062276e-01

7.599999428937724e-01
110

6.056000013324787e-08

6.208971647824124e-01

5.600001332478644e-01

5.600001332478644e-01

4.399998667521356e-01
111

6.100000000000000e-08

9.976406765733075e-01

9.999999999999957e-01

9.999999999999957e-01

4.342717591782064e-15
112

6.106400001522833e-08

9.999479457430794e-01

1.000000000000000e+00

1.000000000000000e+00

0.000000000000000e+00
113

6.119200004568498e-08

1.000050652645391e+00

1.000000000000000e+00

1.000000000000000e+00

0.000000000000000e+00
114

6.144800010659830e-08

9.999495750099101e-01

1.000000000000000e+00

1.000000000000000e+00

0.000000000000000e+00
115

6.196000022842491e-08

1.000049065962979e+00

1.000000000000000e+00

1.000000000000000e+00

0.000000000000000e+00
116

6.296000022842491e-08

9.999503648734609e-01

1.000000000000000e+00

1.000000000000000e+00

0.000000000000000e+00
117

6.396000022842491e-08

1.000048535487679e+00

1.000000000000000e+00

1.000000000000000e+00

0.000000000000000e+00
118

6.496000022842490e-08

9.999508925810213e-01

1.000000000000000e+00

1.000000000000000e+00

0.000000000000000e+00
119

6.596000022842490e-08

1.000048010694675e+00

1.000000000000000e+00

1.000000000000000e+00

0.000000000000000e+00
120

6.696000022842489e-08

9.999514146350921e-01

1.000000000000000e+00

1.000000000000000e+00

0.000000000000000e+00
121

6.796000022842489e-08

1.000047491523100e+00

1.000000000000000e+00

1.000000000000000e+00

0.000000000000000e+00
122

6.896000022842488e-08

9.999519310962487e-01

1.000000000000000e+00

1.000000000000000e+00

0.000000000000000e+00
123

6.996000022842488e-08

1.000046977912739e+00

1.000000000000000e+00

1.000000000000000e+00

0.000000000000000e+00
124

7.096000022842488e-08

9.999524420244167e-01

1.000000000000000e+00

1.000000000000000e+00

0.000000000000000e+00
125

7.100000000000001e-08

1.000040735447488e+00

9.999999999999944e-01

9.999999999999944e-01

5.583469134732937e-15
126

7.107999954315029e-08

9.220251832222216e-01

9.200004568497179e-01

9.200004568497179e-01

7.999954315028215e-02
127

7.123999862945084e-08

7.769536252295615e-01

7.600013705491647e-01

7.600013705491647e-01

2.399986294508353e-01
128

7.155999680205195e-08

6.315238295414894e-01

4.400031979480584e-01

4.400031979480584e-01

5.599968020519416e-01
129

7.200000000000001e-08

6.433375031906358e-01

0.000000000000000e+00

0.000000000000000e+00

1.000000000000000e+00
130

7.206399963452023e-08

6.432867627038408e-01

0.000000000000000e+00

0.000000000000000e+00

1.000000000000000e+00
131

7.219199890356067e-08

6.431853208307484e-01

0.000000000000000e+00

0.000000000000000e+00

1.000000000000000e+00
132

7.244799744164155e-08

6.429825124823775e-01

0.000000000000000e+00

0.000000000000000e+00

1.000000000000000e+00
133

7.295999451780333e-08

6.425771984704463e-01

0.000000000000000e+00

0.000000000000000e+00

1.000000000000000e+00
134

7.395999451780332e-08

6.417867265233183e-01

0.000000000000000e+00

0.000000000000000e+00

1.000000000000000e+00
135

7.495999451780332e-08

6.409977872218325e-01

0.000000000000000e+00

0.000000000000000e+00

1.000000000000000e+00
136

7.595999451780332e-08

6.402103755900707e-01

0.000000000000000e+00

0.000000000000000e+00

1.000000000000000e+00
137

7.695999451780331e-08

6.394244866795216e-01

0.000000000000000e+00

0.000000000000000e+00

1.000000000000000e+00
138

7.795999451780331e-08

6.386401155648112e-01

0.000000000000000e+00

0.000000000000000e+00

1.000000000000000e+00
139

7.895999451780330e-08

6.378572573476333e-01

0.000000000000000e+00

0.000000000000000e+00

1.000000000000000e+00
140

7.995999451780330e-08

6.370759071524559e-01

0.000000000000000e+00

0.000000000000000e+00

1.000000000000000e+00
141

8.000000000000000e-08

6.370446801815597e-01

0.000000000000000e+00

0.000000000000000e+00

1.000000000000000e+00
142

8.008001096439341e-08

6.360191361462612e-01

8.001096439340660e-02

8.001096439340660e-02

9.199890356065934e-01
143

8.024003289318022e-08

6.327187587044051e-01

2.400328931802198e-01

2.400328931802198e-01

7.599671068197802e-01
144

8.056007675075385e-08

6.208948563557976e-01

5.600767507538462e-01

5.600767507538462e-01

4.399232492461537e-01
145

8.100000000000000e-08

9.976402687034106e-01

9.999999999999957e-01

9.999999999999957e-01

4.342717591782064e-15
146

8.106400877151473e-08

9.999479418970495e-01

1.000000000000000e+00

1.000000000000000e+00

0.000000000000000e+00
147

8.119202631454418e-08

1.000050654839893e+00

1.000000000000000e+00

1.000000000000000e+00

0.000000000000000e+00
148

8.144806140060308e-08

9.999495727169863e-01

1.000000000000000e+00

1.000000000000000e+00

0.000000000000000e+00
149

8.196013157272088e-08

1.000049068302877e+00

1.000000000000000e+00

1.000000000000000e+00

0.000000000000000e+00
150

8.296013157272087e-08

9.999503625457695e-01

1.000000000000000e+00

1.000000000000000e+00

0.000000000000000e+00
151

8.396013157272087e-08

1.000048537802513e+00

1.000000000000000e+00

1.000000000000000e+00

0.000000000000000e+00
152

8.496013157272086e-08

9.999508902782669e-01

1.000000000000000e+00

1.000000000000000e+00

0.000000000000000e+00
153

8.596013157272086e-08

1.000048012984713e+00

1.000000000000000e+00

1.000000000000000e+00

0.000000000000000e+00
154

8.696013157272086e-08

9.999514123570081e-01

1.000000000000000e+00

1.000000000000000e+00

0.000000000000000e+00
155

8.796013157272085e-08

1.000047493788607e+00

1.000000000000000e+00

1.000000000000000e+00

0.000000000000000e+00
156

8.896013157272085e-08

9.999519288425704e-01

1.000000000000000e+00

1.000000000000000e+00

0.000000000000000e+00
157

8.996013157272084e-08

1.000046980153979e+00

1.000000000000000e+00

1.000000000000000e+00

0.000000000000000e+00
158

9.096013157272084e-08

9.999524397948824e-01

1.000000000000000e+00

1.000000000000000e+00

0.000000000000000e+00
159

9.100000000000001e-08

1.000040718799136e+00

9.999999999999944e-01

9.999999999999944e-01

5.583469134732937e-15
160

9.107973685455835e-08

9.222851649085753e-01

9.202631454416558e-01

9.202631454416558e-01

7.973685455834420e-02
161

9.123921056367502e-08

7.774171141276989e-01

7.607894363249785e-01

7.607894363249785e-01

2.392105636750214e-01
162

9.155815798190838e-08

6.316387251585680e-01

4.418420180916241e-01

4.418420180916241e-01

5.581579819083760e-01
163

9.200000000000000e-08

6.435476515135078e-01

0.000000000000000e+00

0.000000000000000e+00

1.000000000000000e+00
164

9.206378948364668e-08

6.434970507979798e-01

0.000000000000000e+00

0.000000000000000e+00

1.000000000000000e+00
165

9.219136845094002e-08

6.433958897835260e-01

0.000000000000000e+00

0.000000000000000e+00

1.000000000000000e+00
166

9.244652638552670e-08

6.431936427242851e-01

0.000000000000000e+00

0.000000000000000e+00

1.000000000000000e+00
167

9.295684225470007e-08

6.427894495681173e-01

0.000000000000000e+00

0.000000000000000e+00

1.000000000000000e+00
168

9.395684225470006e-08

6.419985657449280e-01

0.000000000000000e+00

0.000000000000000e+00

1.000000000000000e+00
169

9.495684225470006e-08

6.412092159058678e-01

0.000000000000000e+00

0.000000000000000e+00

1.000000000000000e+00
170

9.595684225470005e-08

6.404213950682063e-01

0.000000000000000e+00

0.000000000000000e+00

1.000000000000000e+00
171

9.695684225470005e-08

6.396350982766423e-01

0.000000000000000e+00

0.000000000000000e+00

1.000000000000000e+00
172

9.795684225470005e-08

6.388503205990791e-01

0.000000000000000e+00

0.000000000000000e+00

1.000000000000000e+00
173

9.895684225470004e-08

6.380670571305094e-01

0.000000000000000e+00

0.000000000000000e+00

1.000000000000000e+00
174

9.995684225470004e-08

6.372853029887680e-01

0.000000000000000e+00

0.000000000000000e+00

1.000000000000000e+00
175

1.000000000000000e-07

6.372515981624840e-01

0.000000000000000e+00

0.000000000000000e+00

1.000000000000000e+00
