Title:
*xor
Date:
Sat
Jan
15
16:09:41

2011
Plotname:
Transient
Analysis
Flags:
real
No.
Variables:
6
No.
Points:
227





Variables:

0
time
time

1
v(out)
voltage

2
v(a)
voltage

3
v(b)
voltage

4
v(a1)
voltage

5
v(b1)
voltage
Values:
0

0.000000000000000e+00

1.099991153532131e+00

0.000000000000000e+00

0.000000000000000e+00

1.100000000000000e+00

1.100000000000000e+00
1

5.000000000000001e-12

1.099994243643871e+00

5.500000000000001e-03

5.500000000000001e-03

1.094500000000000e+00

1.094500000000000e+00
2

1.000000000000000e-11

1.099997556892950e+00

1.100000000000000e-02

1.100000000000000e-02

1.089000000000000e+00

1.089000000000000e+00
3

2.000000000000000e-11

1.100004188953206e+00

2.200000000000000e-02

2.200000000000000e-02

1.078000000000000e+00

1.078000000000000e+00
4

4.000000000000000e-11

1.100017070569299e+00

4.400000000000000e-02

4.400000000000000e-02

1.056000000000000e+00

1.056000000000000e+00
5

8.000000000000001e-11

1.100040819687744e+00

8.800000000000001e-02

8.800000000000001e-02

1.012000000000000e+00

1.012000000000000e+00
6

1.600000000000000e-10

1.100068702388616e+00

1.760000000000000e-01

1.760000000000000e-01

9.240000000000000e-01

9.240000000000000e-01
7

3.200000000000000e-10

1.098751798244432e+00

3.520000000000000e-01

3.520000000000000e-01

7.480000000000000e-01

7.480000000000000e-01
8

6.400000000000001e-10

1.089091462970103e+00

7.040000000000001e-01

7.040000000000001e-01

3.960000000000000e-01

3.960000000000000e-01
9

1.000000000000000e-09

1.084014757882184e+00

1.100000000000000e+00

1.100000000000000e+00

0.000000000000000e+00

0.000000000000000e+00
10

1.057684100628964e-09

1.084915136113962e+00

1.100000000000000e+00

1.100000000000000e+00

0.000000000000000e+00

0.000000000000000e+00
11

1.173052301886893e-09

1.086623770615195e+00

1.100000000000000e+00

1.100000000000000e+00

0.000000000000000e+00

0.000000000000000e+00
12

1.403788704402750e-09

1.089514855817943e+00

1.100000000000000e+00

1.100000000000000e+00

0.000000000000000e+00

0.000000000000000e+00
13

1.865261509434465e-09

1.093623545522097e+00

1.100000000000000e+00

1.100000000000000e+00

0.000000000000000e+00

0.000000000000000e+00
14

2.788207119497894e-09

1.097807691614944e+00

1.100000000000000e+00

1.100000000000000e+00

0.000000000000000e+00

0.000000000000000e+00
15

3.788207119497894e-09

1.099318533818252e+00

1.100000000000000e+00

1.100000000000000e+00

0.000000000000000e+00

0.000000000000000e+00
16

4.788207119497894e-09

1.099779726021346e+00

1.100000000000000e+00

1.100000000000000e+00

0.000000000000000e+00

0.000000000000000e+00
17

5.788207119497894e-09

1.099921121998705e+00

1.100000000000000e+00

1.100000000000000e+00

0.000000000000000e+00

0.000000000000000e+00
18

6.000000000000000e-09

1.099933880608989e+00

1.100000000000000e+00

1.100000000000000e+00

0.000000000000000e+00

0.000000000000000e+00
19

6.100000000000000e-09

1.099992188093279e+00

9.900000000000002e-01

9.900000000000002e-01

1.099999999999998e-01

1.099999999999998e-01
20

6.300000000000000e-09

1.098946881190374e+00

7.700000000000001e-01

7.700000000000001e-01

3.300000000000000e-01

3.300000000000000e-01
21

6.700000000000000e-09

1.093627519039478e+00

3.299999999999998e-01

3.299999999999998e-01

7.700000000000004e-01

7.700000000000004e-01
22

7.000000000000000e-09

1.092357064444831e+00

4.549312315749177e-16

4.549312315749177e-16

1.100000000000000e+00

1.100000000000000e+00
23

7.080000000000000e-09

1.092938905942025e+00

0.000000000000000e+00

0.000000000000000e+00

1.100000000000000e+00

1.100000000000000e+00
24

7.240000000000000e-09

1.094020550066128e+00

0.000000000000000e+00

0.000000000000000e+00

1.100000000000000e+00

1.100000000000000e+00
25

7.560000000000000e-09

1.095736359605495e+00

0.000000000000000e+00

0.000000000000000e+00

1.100000000000000e+00

1.100000000000000e+00
26

8.199999999999999e-09

1.097882363145244e+00

0.000000000000000e+00

0.000000000000000e+00

1.100000000000000e+00

1.100000000000000e+00
27

9.200000000000000e-09

1.099336472141714e+00

0.000000000000000e+00

0.000000000000000e+00

1.100000000000000e+00

1.100000000000000e+00
28

1.000000000000000e-08

1.099720475758283e+00

0.000000000000000e+00

0.000000000000000e+00

1.100000000000000e+00

1.100000000000000e+00
29

1.010000000000000e-08

1.099797546711847e+00

1.099999999999992e-01

1.099999999999992e-01

9.900000000000009e-01

9.900000000000009e-01
30

1.030000000000000e-08

1.098781152318865e+00

3.299999999999993e-01

3.299999999999993e-01

7.700000000000008e-01

7.700000000000008e-01
31

1.070000000000000e-08

1.093499405156005e+00

7.699999999999997e-01

7.699999999999997e-01

3.300000000000005e-01

3.300000000000005e-01
32

1.100000000000000e-08

1.092257788677379e+00

1.100000000000000e+00

1.100000000000000e+00

0.000000000000000e+00

0.000000000000000e+00
33

1.108000000000000e-08

1.092847405290635e+00

1.100000000000000e+00

1.100000000000000e+00

0.000000000000000e+00

0.000000000000000e+00
34

1.124000000000000e-08

1.093943390299630e+00

1.100000000000000e+00

1.100000000000000e+00

0.000000000000000e+00

0.000000000000000e+00
35

1.156000000000000e-08

1.095681663515381e+00

1.100000000000000e+00

1.100000000000000e+00

0.000000000000000e+00

0.000000000000000e+00
36

1.220000000000000e-08

1.097855518253742e+00

1.100000000000000e+00

1.100000000000000e+00

0.000000000000000e+00

0.000000000000000e+00
37

1.320000000000000e-08

1.099328340633521e+00

1.100000000000000e+00

1.100000000000000e+00

0.000000000000000e+00

0.000000000000000e+00
38

1.420000000000000e-08

1.099780811463131e+00

1.100000000000000e+00

1.100000000000000e+00

0.000000000000000e+00

0.000000000000000e+00
39

1.520000000000000e-08

1.099920449413782e+00

1.100000000000000e+00

1.100000000000000e+00

0.000000000000000e+00

0.000000000000000e+00
40

1.600000000000000e-08

1.099958048019889e+00

1.099999999999999e+00

1.099999999999999e+00

6.824240053562478e-16

6.824240053562478e-16
41

1.610000000000000e-08

1.100014240547951e+00

9.899999999999984e-01

9.899999999999984e-01

1.100000000000017e-01

1.100000000000017e-01
42

1.630000000000000e-08

1.098965547184191e+00

7.700000000000001e-01

7.700000000000001e-01

3.300000000000000e-01

3.300000000000000e-01
43

1.670000000000000e-08

1.093641740474177e+00

3.299999999999998e-01

3.299999999999998e-01

7.700000000000004e-01

7.700000000000004e-01
44

1.700000000000000e-08

1.092368087098665e+00

4.549312315749177e-16

4.549312315749177e-16

1.100000000000000e+00

1.100000000000000e+00
45

1.708000000000000e-08

1.092949067225982e+00

0.000000000000000e+00

0.000000000000000e+00

1.100000000000000e+00

1.100000000000000e+00
46

1.724000000000000e-08

1.094029121377987e+00

0.000000000000000e+00

0.000000000000000e+00

1.100000000000000e+00

1.100000000000000e+00
47

1.756000000000000e-08

1.095742436795925e+00

0.000000000000000e+00

0.000000000000000e+00

1.100000000000000e+00

1.100000000000000e+00
48

1.820000000000000e-08

1.097885346320872e+00

0.000000000000000e+00

0.000000000000000e+00

1.100000000000000e+00

1.100000000000000e+00
49

1.920000000000000e-08

1.099337375931778e+00

0.000000000000000e+00

0.000000000000000e+00

1.100000000000000e+00

1.100000000000000e+00
50

2.000000000000000e-08

1.099720837185152e+00

0.000000000000000e+00

0.000000000000000e+00

1.100000000000000e+00

1.100000000000000e+00
51

2.010000000000000e-08

1.099797876327763e+00

1.100000000000010e-01

1.100000000000010e-01

9.899999999999991e-01

9.899999999999991e-01
52

2.030000000000000e-08

1.098781431056063e+00

3.299999999999993e-01

3.299999999999993e-01

7.700000000000008e-01

7.700000000000008e-01
53

2.070000000000000e-08

1.093499617363717e+00

7.699999999999997e-01

7.699999999999997e-01

3.300000000000005e-01

3.300000000000005e-01
54

2.100000000000000e-08

1.092257953286415e+00

1.099999999999999e+00

1.099999999999999e+00

1.137436499154543e-15

1.137436499154543e-15
55

2.108000000000000e-08

1.092847557011594e+00

1.100000000000000e+00

1.100000000000000e+00

0.000000000000000e+00

0.000000000000000e+00
56

2.124000000000000e-08

1.093943518246958e+00

1.100000000000000e+00

1.100000000000000e+00

0.000000000000000e+00

0.000000000000000e+00
57

2.156000000000000e-08

1.095681754216855e+00

1.100000000000000e+00

1.100000000000000e+00

0.000000000000000e+00

0.000000000000000e+00
58

2.220000000000000e-08

1.097855562772119e+00

1.100000000000000e+00

1.100000000000000e+00

0.000000000000000e+00

0.000000000000000e+00
59

2.320000000000000e-08

1.099328354119075e+00

1.100000000000000e+00

1.100000000000000e+00

0.000000000000000e+00

0.000000000000000e+00
60

2.420000000000000e-08

1.099780815538093e+00

1.100000000000000e+00

1.100000000000000e+00

0.000000000000000e+00

0.000000000000000e+00
61

2.520000000000000e-08

1.099920450644600e+00

1.100000000000000e+00

1.100000000000000e+00

0.000000000000000e+00

0.000000000000000e+00
62

2.600000000000000e-08

1.099958048512065e+00

1.099999999999999e+00

1.099999999999999e+00

6.824240053562478e-16

6.824240053562478e-16
63

2.610000000000000e-08

1.100014240996804e+00

9.899999999999984e-01

9.899999999999984e-01

1.100000000000017e-01

1.100000000000017e-01
64

2.630000000000000e-08

1.098965547563860e+00

7.700000000000001e-01

7.700000000000001e-01

3.300000000000000e-01

3.300000000000000e-01
65

2.670000000000000e-08

1.093641740763396e+00

3.299999999999998e-01

3.299999999999998e-01

7.700000000000004e-01

7.700000000000004e-01
66

2.700000000000000e-08

1.092368087322983e+00

4.549312315749177e-16

4.549312315749177e-16

1.100000000000000e+00

1.100000000000000e+00
67

2.708000000000000e-08

1.092949067432735e+00

0.000000000000000e+00

0.000000000000000e+00

1.100000000000000e+00

1.100000000000000e+00
68

2.724000000000000e-08

1.094029121552339e+00

0.000000000000000e+00

0.000000000000000e+00

1.100000000000000e+00

1.100000000000000e+00
69

2.756000000000000e-08

1.095742436919517e+00

0.000000000000000e+00

0.000000000000000e+00

1.100000000000000e+00

1.100000000000000e+00
70

2.820000000000000e-08

1.097885346381531e+00

0.000000000000000e+00

0.000000000000000e+00

1.100000000000000e+00

1.100000000000000e+00
71

2.920000000000000e-08

1.099337375950151e+00

0.000000000000000e+00

0.000000000000000e+00

1.100000000000000e+00

1.100000000000000e+00
72

3.000000000000000e-08

1.099720837192498e+00

0.000000000000000e+00

0.000000000000000e+00

1.100000000000000e+00

1.100000000000000e+00
73

3.010000000000000e-08

1.099797876334463e+00

1.100000000000010e-01

1.100000000000010e-01

9.899999999999991e-01

9.899999999999991e-01
74

3.030000000000001e-08

1.098781431061728e+00

3.300000000000030e-01

3.300000000000030e-01

7.699999999999971e-01

7.699999999999971e-01
75

3.070000000000000e-08

1.093499617368029e+00

7.699999999999997e-01

7.699999999999997e-01

3.300000000000005e-01

3.300000000000005e-01
76

3.100000000000001e-08

1.092257953289760e+00

1.100000000000000e+00

1.100000000000000e+00

0.000000000000000e+00

0.000000000000000e+00
77

3.108000000000000e-08

1.092847557014677e+00

1.100000000000000e+00

1.100000000000000e+00

0.000000000000000e+00

0.000000000000000e+00
78

3.124000000000001e-08

1.093943518249558e+00

1.100000000000000e+00

1.100000000000000e+00

0.000000000000000e+00

0.000000000000000e+00
79

3.156000000000001e-08

1.095681754218697e+00

1.100000000000000e+00

1.100000000000000e+00

0.000000000000000e+00

0.000000000000000e+00
80

3.220000000000000e-08

1.097855562773022e+00

1.100000000000000e+00

1.100000000000000e+00

0.000000000000000e+00

0.000000000000000e+00
81

3.320000000000001e-08

1.099328354119349e+00

1.100000000000000e+00

1.100000000000000e+00

0.000000000000000e+00

0.000000000000000e+00
82

3.420000000000001e-08

1.099780815538176e+00

1.100000000000000e+00

1.100000000000000e+00

0.000000000000000e+00

0.000000000000000e+00
83

3.520000000000001e-08

1.099920450644625e+00

1.100000000000000e+00

1.100000000000000e+00

0.000000000000000e+00

0.000000000000000e+00
84

3.600000000000000e-08

1.099958048512075e+00

1.099999999999999e+00

1.099999999999999e+00

6.824240053562478e-16

6.824240053562478e-16
85

3.610000000000001e-08

1.100014240996813e+00

9.899999999999984e-01

9.899999999999984e-01

1.100000000000017e-01

1.100000000000017e-01
86

3.630000000000001e-08

1.098965547563868e+00

7.699999999999965e-01

7.699999999999965e-01

3.300000000000036e-01

3.300000000000036e-01
87

3.670000000000000e-08

1.093641740763402e+00

3.299999999999998e-01

3.299999999999998e-01

7.700000000000004e-01

7.700000000000004e-01
88

3.700000000000001e-08

1.092368087322987e+00

0.000000000000000e+00

0.000000000000000e+00

1.100000000000000e+00

1.100000000000000e+00
89

3.708000000000001e-08

1.092949067432738e+00

0.000000000000000e+00

0.000000000000000e+00

1.100000000000000e+00

1.100000000000000e+00
90

3.724000000000001e-08

1.094029121552342e+00

0.000000000000000e+00

0.000000000000000e+00

1.100000000000000e+00

1.100000000000000e+00
91

3.756000000000001e-08

1.095742436919520e+00

0.000000000000000e+00

0.000000000000000e+00

1.100000000000000e+00

1.100000000000000e+00
92

3.820000000000000e-08

1.097885346381532e+00

0.000000000000000e+00

0.000000000000000e+00

1.100000000000000e+00

1.100000000000000e+00
93

3.920000000000001e-08

1.099337375950152e+00

0.000000000000000e+00

0.000000000000000e+00

1.100000000000000e+00

1.100000000000000e+00
94

4.000000000000000e-08

1.099720837192498e+00

0.000000000000000e+00

0.000000000000000e+00

1.100000000000000e+00

1.100000000000000e+00
95

4.010000000000000e-08

1.099797876334463e+00

1.100000000000010e-01

1.100000000000010e-01

9.899999999999991e-01

9.899999999999991e-01
96

4.030000000000000e-08

1.098781431061728e+00

3.300000000000030e-01

3.300000000000030e-01

7.699999999999971e-01

7.699999999999971e-01
97

4.070000000000000e-08

1.093499617368029e+00

7.699999999999997e-01

7.699999999999997e-01

3.300000000000005e-01

3.300000000000005e-01
98

4.100000000000000e-08

1.092257953289760e+00

1.100000000000000e+00

1.100000000000000e+00

0.000000000000000e+00

0.000000000000000e+00
99

4.108000000000000e-08

1.092847557014677e+00

1.100000000000000e+00

1.100000000000000e+00

0.000000000000000e+00

0.000000000000000e+00
100

4.124000000000000e-08

1.093943518249558e+00

1.100000000000000e+00

1.100000000000000e+00

0.000000000000000e+00

0.000000000000000e+00
101

4.156000000000000e-08

1.095681754218696e+00

1.100000000000000e+00

1.100000000000000e+00

0.000000000000000e+00

0.000000000000000e+00
102

4.220000000000000e-08

1.097855562773022e+00

1.100000000000000e+00

1.100000000000000e+00

0.000000000000000e+00

0.000000000000000e+00
103

4.320000000000000e-08

1.099328354119349e+00

1.100000000000000e+00

1.100000000000000e+00

0.000000000000000e+00

0.000000000000000e+00
104

4.420000000000001e-08

1.099780815538176e+00

1.100000000000000e+00

1.100000000000000e+00

0.000000000000000e+00

0.000000000000000e+00
105

4.520000000000001e-08

1.099920450644625e+00

1.100000000000000e+00

1.100000000000000e+00

0.000000000000000e+00

0.000000000000000e+00
106

4.600000000000000e-08

1.099958048512075e+00

1.099999999999999e+00

1.099999999999999e+00

6.824240053562478e-16

6.824240053562478e-16
107

4.610000000000000e-08

1.100014240996813e+00

9.899999999999984e-01

9.899999999999984e-01

1.100000000000017e-01

1.100000000000017e-01
108

4.630000000000000e-08

1.098965547563868e+00

7.699999999999965e-01

7.699999999999965e-01

3.300000000000036e-01

3.300000000000036e-01
109

4.670000000000000e-08

1.093641740763402e+00

3.299999999999998e-01

3.299999999999998e-01

7.700000000000004e-01

7.700000000000004e-01
110

4.700000000000000e-08

1.092368087322987e+00

0.000000000000000e+00

0.000000000000000e+00

1.100000000000000e+00

1.100000000000000e+00
111

4.708000000000000e-08

1.092949067432738e+00

0.000000000000000e+00

0.000000000000000e+00

1.100000000000000e+00

1.100000000000000e+00
112

4.724000000000000e-08

1.094029121552343e+00

0.000000000000000e+00

0.000000000000000e+00

1.100000000000000e+00

1.100000000000000e+00
113

4.756000000000000e-08

1.095742436919520e+00

0.000000000000000e+00

0.000000000000000e+00

1.100000000000000e+00

1.100000000000000e+00
114

4.820000000000000e-08

1.097885346381532e+00

0.000000000000000e+00

0.000000000000000e+00

1.100000000000000e+00

1.100000000000000e+00
115

4.920000000000000e-08

1.099337375950151e+00

0.000000000000000e+00

0.000000000000000e+00

1.100000000000000e+00

1.100000000000000e+00
116

5.000000000000000e-08

1.099720837192498e+00

0.000000000000000e+00

0.000000000000000e+00

1.100000000000000e+00

1.100000000000000e+00
117

5.010000000000000e-08

1.099797876334463e+00

1.100000000000010e-01

1.100000000000010e-01

9.899999999999991e-01

9.899999999999991e-01
118

5.030000000000000e-08

1.098781431061727e+00

3.300000000000030e-01

3.300000000000030e-01

7.699999999999971e-01

7.699999999999971e-01
119

5.070000000000000e-08

1.093499617368028e+00

7.699999999999997e-01

7.699999999999997e-01

3.300000000000005e-01

3.300000000000005e-01
120

5.100000000000000e-08

1.092257953289759e+00

1.100000000000000e+00

1.100000000000000e+00

0.000000000000000e+00

0.000000000000000e+00
121

5.108000000000000e-08

1.092847557014676e+00

1.100000000000000e+00

1.100000000000000e+00

0.000000000000000e+00

0.000000000000000e+00
122

5.124000000000000e-08

1.093943518249557e+00

1.100000000000000e+00

1.100000000000000e+00

0.000000000000000e+00

0.000000000000000e+00
123

5.156000000000000e-08

1.095681754218696e+00

1.100000000000000e+00

1.100000000000000e+00

0.000000000000000e+00

0.000000000000000e+00
124

5.220000000000000e-08

1.097855562773022e+00

1.100000000000000e+00

1.100000000000000e+00

0.000000000000000e+00

0.000000000000000e+00
125

5.320000000000000e-08

1.099328354119349e+00

1.100000000000000e+00

1.100000000000000e+00

0.000000000000000e+00

0.000000000000000e+00
126

5.420000000000000e-08

1.099780815538176e+00

1.100000000000000e+00

1.100000000000000e+00

0.000000000000000e+00

0.000000000000000e+00
127

5.520000000000000e-08

1.099920450644625e+00

1.100000000000000e+00

1.100000000000000e+00

0.000000000000000e+00

0.000000000000000e+00
128

5.600000000000000e-08

1.099958048512075e+00

1.099999999999999e+00

1.099999999999999e+00

6.824240053562478e-16

6.824240053562478e-16
129

5.610000000000000e-08

1.100014240996813e+00

9.899999999999984e-01

9.899999999999984e-01

1.100000000000017e-01

1.100000000000017e-01
130

5.630000000000000e-08

1.098965547563868e+00

7.699999999999965e-01

7.699999999999965e-01

3.300000000000036e-01

3.300000000000036e-01
131

5.670000000000000e-08

1.093641740763402e+00

3.299999999999998e-01

3.299999999999998e-01

7.700000000000004e-01

7.700000000000004e-01
132

5.700000000000000e-08

1.092368087322987e+00

0.000000000000000e+00

0.000000000000000e+00

1.100000000000000e+00

1.100000000000000e+00
133

5.708000000000000e-08

1.092949067432738e+00

0.000000000000000e+00

0.000000000000000e+00

1.100000000000000e+00

1.100000000000000e+00
134

5.724000000000000e-08

1.094029121552342e+00

0.000000000000000e+00

0.000000000000000e+00

1.100000000000000e+00

1.100000000000000e+00
135

5.756000000000000e-08

1.095742436919520e+00

0.000000000000000e+00

0.000000000000000e+00

1.100000000000000e+00

1.100000000000000e+00
136

5.820000000000000e-08

1.097885346381532e+00

0.000000000000000e+00

0.000000000000000e+00

1.100000000000000e+00

1.100000000000000e+00
137

5.920000000000000e-08

1.099337375950152e+00

0.000000000000000e+00

0.000000000000000e+00

1.100000000000000e+00

1.100000000000000e+00
138

5.999999999999999e-08

1.099720837192498e+00

0.000000000000000e+00

0.000000000000000e+00

1.100000000000000e+00

1.100000000000000e+00
139

6.009999999999999e-08

1.099797876334463e+00

1.099999999999792e-01

1.099999999999792e-01

9.900000000000210e-01

9.900000000000210e-01
140

6.029999999999999e-08

1.098781431061729e+00

3.299999999999811e-01

3.299999999999811e-01

7.700000000000190e-01

7.700000000000190e-01
141

6.069999999999999e-08

1.093499617368029e+00

7.699999999999850e-01

7.699999999999850e-01

3.300000000000150e-01

3.300000000000150e-01
142

6.100000000000000e-08

1.092257953289759e+00

1.099999999999995e+00

1.099999999999995e+00

4.776994771971133e-15

4.776994771971133e-15
143

6.108000000000000e-08

1.092847557014676e+00

1.100000000000000e+00

1.100000000000000e+00

0.000000000000000e+00

0.000000000000000e+00
144

6.124000000000000e-08

1.093943518249557e+00

1.100000000000000e+00

1.100000000000000e+00

0.000000000000000e+00

0.000000000000000e+00
145

6.156000000000000e-08

1.095681754218696e+00

1.100000000000000e+00

1.100000000000000e+00

0.000000000000000e+00

0.000000000000000e+00
146

6.220000000000000e-08

1.097855562773022e+00

1.100000000000000e+00

1.100000000000000e+00

0.000000000000000e+00

0.000000000000000e+00
147

6.320000000000000e-08

1.099328354119349e+00

1.100000000000000e+00

1.100000000000000e+00

0.000000000000000e+00

0.000000000000000e+00
148

6.419999999999999e-08

1.099780815538177e+00

1.100000000000000e+00

1.100000000000000e+00

0.000000000000000e+00

0.000000000000000e+00
149

6.519999999999999e-08

1.099920450644625e+00

1.100000000000000e+00

1.100000000000000e+00

0.000000000000000e+00

0.000000000000000e+00
150

6.600000000000001e-08

1.099958048512075e+00

1.099999999999999e+00

1.099999999999999e+00

6.824240053562478e-16

6.824240053562478e-16
151

6.610000000000000e-08

1.100014240996813e+00

9.900000000000057e-01

9.900000000000057e-01

1.099999999999944e-01

1.099999999999944e-01
152

6.630000000000000e-08

1.098965547563868e+00

7.700000000000037e-01

7.700000000000037e-01

3.299999999999964e-01

3.299999999999964e-01
153

6.670000000000001e-08

1.093641740763402e+00

3.299999999999998e-01

3.299999999999998e-01

7.700000000000004e-01

7.700000000000004e-01
154

6.700000000000000e-08

1.092368087322987e+00

4.094489504391507e-15

4.094489504391507e-15

1.099999999999996e+00

1.099999999999996e+00
155

6.708000000000000e-08

1.092949067432738e+00

0.000000000000000e+00

0.000000000000000e+00

1.100000000000000e+00

1.100000000000000e+00
156

6.724000000000000e-08

1.094029121552342e+00

0.000000000000000e+00

0.000000000000000e+00

1.100000000000000e+00

1.100000000000000e+00
157

6.755999999999999e-08

1.095742436919519e+00

0.000000000000000e+00

0.000000000000000e+00

1.100000000000000e+00

1.100000000000000e+00
158

6.819999999999999e-08

1.097885346381532e+00

0.000000000000000e+00

0.000000000000000e+00

1.100000000000000e+00

1.100000000000000e+00
159

6.919999999999998e-08

1.099337375950152e+00

0.000000000000000e+00

0.000000000000000e+00

1.100000000000000e+00

1.100000000000000e+00
160

7.000000000000000e-08

1.099720837192499e+00

0.000000000000000e+00

0.000000000000000e+00

1.100000000000000e+00

1.100000000000000e+00
161

7.010000000000000e-08

1.099797876334463e+00

1.099999999999937e-01

1.099999999999937e-01

9.900000000000064e-01

9.900000000000064e-01
162

7.030000000000000e-08

1.098781431061728e+00

3.299999999999957e-01

3.299999999999957e-01

7.700000000000045e-01

7.700000000000045e-01
163

7.070000000000000e-08

1.093499617368029e+00

7.699999999999997e-01

7.699999999999997e-01

3.300000000000005e-01

3.300000000000005e-01
164

7.100000000000000e-08

1.092257953289760e+00

1.099999999999995e+00

1.099999999999995e+00

4.776994771971133e-15

4.776994771971133e-15
165

7.108000000000000e-08

1.092847557014677e+00

1.100000000000000e+00

1.100000000000000e+00

0.000000000000000e+00

0.000000000000000e+00
166

7.123999999999999e-08

1.093943518249558e+00

1.100000000000000e+00

1.100000000000000e+00

0.000000000000000e+00

0.000000000000000e+00
167

7.155999999999999e-08

1.095681754218696e+00

1.100000000000000e+00

1.100000000000000e+00

0.000000000000000e+00

0.000000000000000e+00
168

7.219999999999998e-08

1.097855562773022e+00

1.100000000000000e+00

1.100000000000000e+00

0.000000000000000e+00

0.000000000000000e+00
169

7.319999999999998e-08

1.099328354119349e+00

1.100000000000000e+00

1.100000000000000e+00

0.000000000000000e+00

0.000000000000000e+00
170

7.419999999999998e-08

1.099780815538176e+00

1.100000000000000e+00

1.100000000000000e+00

0.000000000000000e+00

0.000000000000000e+00
171

7.519999999999997e-08

1.099920450644625e+00

1.100000000000000e+00

1.100000000000000e+00

0.000000000000000e+00

0.000000000000000e+00
172

7.600000000000001e-08

1.099958048512075e+00

1.099999999999999e+00

1.099999999999999e+00

6.824240053562478e-16

6.824240053562478e-16
173

7.610000000000000e-08

1.100014240996814e+00

9.900000000000057e-01

9.900000000000057e-01

1.099999999999944e-01

1.099999999999944e-01
174

7.630000000000000e-08

1.098965547563869e+00

7.700000000000037e-01

7.700000000000037e-01

3.299999999999964e-01

3.299999999999964e-01
175

7.670000000000001e-08

1.093641740763403e+00

3.299999999999998e-01

3.299999999999998e-01

7.700000000000004e-01

7.700000000000004e-01
176

7.700000000000000e-08

1.092368087322988e+00

4.094489504391507e-15

4.094489504391507e-15

1.099999999999996e+00

1.099999999999996e+00
177

7.708000000000000e-08

1.092949067432739e+00

0.000000000000000e+00

0.000000000000000e+00

1.100000000000000e+00

1.100000000000000e+00
178

7.724000000000000e-08

1.094029121552343e+00

0.000000000000000e+00

0.000000000000000e+00

1.100000000000000e+00

1.100000000000000e+00
179

7.755999999999999e-08

1.095742436919520e+00

0.000000000000000e+00

0.000000000000000e+00

1.100000000000000e+00

1.100000000000000e+00
180

7.819999999999999e-08

1.097885346381532e+00

0.000000000000000e+00

0.000000000000000e+00

1.100000000000000e+00

1.100000000000000e+00
181

7.919999999999998e-08

1.099337375950151e+00

0.000000000000000e+00

0.000000000000000e+00

1.100000000000000e+00

1.100000000000000e+00
182

8.000000000000000e-08

1.099720837192498e+00

0.000000000000000e+00

0.000000000000000e+00

1.100000000000000e+00

1.100000000000000e+00
183

8.010000000000000e-08

1.099797876334463e+00

1.099999999999937e-01

1.099999999999937e-01

9.900000000000064e-01

9.900000000000064e-01
184

8.030000000000000e-08

1.098781431061728e+00

3.299999999999957e-01

3.299999999999957e-01

7.700000000000045e-01

7.700000000000045e-01
185

8.070000000000000e-08

1.093499617368028e+00

7.699999999999997e-01

7.699999999999997e-01

3.300000000000005e-01

3.300000000000005e-01
186

8.100000000000000e-08

1.092257953289759e+00

1.099999999999995e+00

1.099999999999995e+00

4.776994771971133e-15

4.776994771971133e-15
187

8.108000000000000e-08

1.092847557014676e+00

1.100000000000000e+00

1.100000000000000e+00

0.000000000000000e+00

0.000000000000000e+00
188

8.123999999999999e-08

1.093943518249557e+00

1.100000000000000e+00

1.100000000000000e+00

0.000000000000000e+00

0.000000000000000e+00
189

8.155999999999998e-08

1.095681754218695e+00

1.100000000000000e+00

1.100000000000000e+00

0.000000000000000e+00

0.000000000000000e+00
190

8.219999999999998e-08

1.097855562773021e+00

1.100000000000000e+00

1.100000000000000e+00

0.000000000000000e+00

0.000000000000000e+00
191

8.319999999999998e-08

1.099328354119349e+00

1.100000000000000e+00

1.100000000000000e+00

0.000000000000000e+00

0.000000000000000e+00
192

8.419999999999997e-08

1.099780815538176e+00

1.100000000000000e+00

1.100000000000000e+00

0.000000000000000e+00

0.000000000000000e+00
193

8.519999999999997e-08

1.099920450644625e+00

1.100000000000000e+00

1.100000000000000e+00

0.000000000000000e+00

0.000000000000000e+00
194

8.600000000000000e-08

1.099958048512075e+00

1.099999999999999e+00

1.099999999999999e+00

6.824240053562478e-16

6.824240053562478e-16
195

8.610000000000000e-08

1.100014240996813e+00

9.900000000000057e-01

9.900000000000057e-01

1.099999999999944e-01

1.099999999999944e-01
196

8.630000000000000e-08

1.098965547563868e+00

7.700000000000037e-01

7.700000000000037e-01

3.299999999999964e-01

3.299999999999964e-01
197

8.670000000000000e-08

1.093641740763404e+00

3.299999999999998e-01

3.299999999999998e-01

7.700000000000004e-01

7.700000000000004e-01
198

8.700000000000000e-08

1.092368087322988e+00

4.094489504391507e-15

4.094489504391507e-15

1.099999999999996e+00

1.099999999999996e+00
199

8.708000000000000e-08

1.092949067432740e+00

0.000000000000000e+00

0.000000000000000e+00

1.100000000000000e+00

1.100000000000000e+00
200

8.723999999999999e-08

1.094029121552343e+00

0.000000000000000e+00

0.000000000000000e+00

1.100000000000000e+00

1.100000000000000e+00
201

8.755999999999998e-08

1.095742436919520e+00

0.000000000000000e+00

0.000000000000000e+00

1.100000000000000e+00

1.100000000000000e+00
202

8.819999999999998e-08

1.097885346381532e+00

0.000000000000000e+00

0.000000000000000e+00

1.100000000000000e+00

1.100000000000000e+00
203

8.919999999999998e-08

1.099337375950152e+00

0.000000000000000e+00

0.000000000000000e+00

1.100000000000000e+00

1.100000000000000e+00
204

9.000000000000000e-08

1.099720837192499e+00

0.000000000000000e+00

0.000000000000000e+00

1.100000000000000e+00

1.100000000000000e+00
205

9.009999999999999e-08

1.099797876334464e+00

1.099999999999937e-01

1.099999999999937e-01

9.900000000000064e-01

9.900000000000064e-01
206

9.029999999999999e-08

1.098781431061729e+00

3.299999999999957e-01

3.299999999999957e-01

7.700000000000045e-01

7.700000000000045e-01
207

9.070000000000000e-08

1.093499617368029e+00

7.699999999999997e-01

7.699999999999997e-01

3.300000000000005e-01

3.300000000000005e-01
208

9.099999999999999e-08

1.092257953289760e+00

1.099999999999995e+00

1.099999999999995e+00

4.776994771971133e-15

4.776994771971133e-15
209

9.107999999999999e-08

1.092847557014677e+00

1.100000000000000e+00

1.100000000000000e+00

0.000000000000000e+00

0.000000000000000e+00
210

9.123999999999999e-08

1.093943518249558e+00

1.100000000000000e+00

1.100000000000000e+00

0.000000000000000e+00

0.000000000000000e+00
211

9.155999999999998e-08

1.095681754218696e+00

1.100000000000000e+00

1.100000000000000e+00

0.000000000000000e+00

0.000000000000000e+00
212

9.219999999999998e-08

1.097855562773022e+00

1.100000000000000e+00

1.100000000000000e+00

0.000000000000000e+00

0.000000000000000e+00
213

9.319999999999997e-08

1.099328354119349e+00

1.100000000000000e+00

1.100000000000000e+00

0.000000000000000e+00

0.000000000000000e+00
214

9.419999999999997e-08

1.099780815538176e+00

1.100000000000000e+00

1.100000000000000e+00

0.000000000000000e+00

0.000000000000000e+00
215

9.519999999999997e-08

1.099920450644625e+00

1.100000000000000e+00

1.100000000000000e+00

0.000000000000000e+00

0.000000000000000e+00
216

9.600000000000000e-08

1.099958048512075e+00

1.099999999999999e+00

1.099999999999999e+00

6.824240053562478e-16

6.824240053562478e-16
217

9.609999999999999e-08

1.100014240996814e+00

9.900000000000057e-01

9.900000000000057e-01

1.099999999999944e-01

1.099999999999944e-01
218

9.630000000000000e-08

1.098965547563869e+00

7.700000000000037e-01

7.700000000000037e-01

3.299999999999964e-01

3.299999999999964e-01
219

9.670000000000000e-08

1.093641740763403e+00

3.299999999999998e-01

3.299999999999998e-01

7.700000000000004e-01

7.700000000000004e-01
220

9.700000000000000e-08

1.092368087322988e+00

4.094489504391507e-15

4.094489504391507e-15

1.099999999999996e+00

1.099999999999996e+00
221

9.707999999999999e-08

1.092949067432739e+00

0.000000000000000e+00

0.000000000000000e+00

1.100000000000000e+00

1.100000000000000e+00
222

9.723999999999999e-08

1.094029121552343e+00

0.000000000000000e+00

0.000000000000000e+00

1.100000000000000e+00

1.100000000000000e+00
223

9.755999999999998e-08

1.095742436919520e+00

0.000000000000000e+00

0.000000000000000e+00

1.100000000000000e+00

1.100000000000000e+00
224

9.819999999999998e-08

1.097885346381532e+00

0.000000000000000e+00

0.000000000000000e+00

1.100000000000000e+00

1.100000000000000e+00
225

9.919999999999998e-08

1.099337375950151e+00

0.000000000000000e+00

0.000000000000000e+00

1.100000000000000e+00

1.100000000000000e+00
226

1.000000000000000e-07

1.099720837192498e+00

0.000000000000000e+00

0.000000000000000e+00

1.100000000000000e+00

1.100000000000000e+00
