Title:
*xnor
Date:
Mon
Dec
20
13:39:38

2010
Plotname:
Transient
Analysis
Flags:
real
No.
Variables:
6
No.
Points:
236





Variables:

0
time
time

1
v(out)
voltage

2
v(a)
voltage

3
v(b)
voltage

4
v(a1)
voltage

5
v(b1)
voltage
Values:
0

0.000000000000000e+00

1.883164568962593e-06

0.000000000000000e+00

0.000000000000000e+00

1.100000000000000e+00

1.100000000000000e+00
1

5.000000000000001e-12

-6.377266204559264e-06

5.500000000000001e-03

5.500000000000001e-03

1.094500000000000e+00

1.094500000000000e+00
2

1.000000000000000e-11

-1.469770986011528e-05

1.100000000000000e-02

1.100000000000000e-02

1.089000000000000e+00

1.089000000000000e+00
3

2.000000000000000e-11

-3.115742544335480e-05

2.200000000000000e-02

2.200000000000000e-02

1.078000000000000e+00

1.078000000000000e+00
4

4.000000000000000e-11

-6.298906002951513e-05

4.400000000000000e-02

4.400000000000000e-02

1.056000000000000e+00

1.056000000000000e+00
5

8.000000000000001e-11

-1.224237719741307e-04

8.800000000000001e-02

8.800000000000001e-02

1.012000000000000e+00

1.012000000000000e+00
6

1.600000000000000e-10

-2.207345176697302e-04

1.760000000000000e-01

1.760000000000000e-01

9.240000000000000e-01

9.240000000000000e-01
7

3.200000000000000e-10

4.274555154152684e-04

3.520000000000000e-01

3.520000000000000e-01

7.480000000000000e-01

7.480000000000000e-01
8

6.400000000000001e-10

2.751405559517140e-03

7.040000000000001e-01

7.040000000000001e-01

3.960000000000000e-01

3.960000000000000e-01
9

1.000000000000000e-09

3.050986651853300e-03

1.100000000000000e+00

1.100000000000000e+00

0.000000000000000e+00

0.000000000000000e+00
10

1.036492018662157e-09

2.873331812039599e-03

1.100000000000000e+00

1.100000000000000e+00

0.000000000000000e+00

0.000000000000000e+00
11

1.109476055986470e-09

2.533182187364360e-03

1.100000000000000e+00

1.100000000000000e+00

0.000000000000000e+00

0.000000000000000e+00
12

1.255444130635097e-09

1.953406489058106e-03

1.100000000000000e+00

1.100000000000000e+00

0.000000000000000e+00

0.000000000000000e+00
13

1.547380279932350e-09

1.141347171011738e-03

1.100000000000000e+00

1.100000000000000e+00

0.000000000000000e+00

0.000000000000000e+00
14

2.131252578526856e-09

3.589893797657511e-04

1.100000000000000e+00

1.100000000000000e+00

0.000000000000000e+00

0.000000000000000e+00
15

3.131252578526856e-09

3.492663993835513e-05

1.100000000000000e+00

1.100000000000000e+00

0.000000000000000e+00

0.000000000000000e+00
16

4.131252578526856e-09

1.751156979101964e-05

1.100000000000000e+00

1.100000000000000e+00

0.000000000000000e+00

0.000000000000000e+00
17

5.131252578526855e-09

1.243049247417679e-05

1.100000000000000e+00

1.100000000000000e+00

0.000000000000000e+00

0.000000000000000e+00
18

6.000000000000000e-09

9.978398839012657e-06

1.100000000000000e+00

1.100000000000000e+00

0.000000000000000e+00

0.000000000000000e+00
19

6.100000000000000e-09

-2.863163321284555e-05

9.900000000000002e-01

9.900000000000002e-01

1.099999999999998e-01

1.099999999999998e-01
20

6.300000000000000e-09

-4.487943953405797e-05

7.700000000000001e-01

7.700000000000001e-01

3.300000000000000e-01

3.300000000000000e-01
21

6.700000000000000e-09

1.013805696523070e-03

3.299999999999998e-01

3.299999999999998e-01

7.700000000000004e-01

7.700000000000004e-01
22

7.000000000000000e-09

1.583020639185368e-03

4.549312315749177e-16

4.549312315749177e-16

1.100000000000000e+00

1.100000000000000e+00
23

7.075994152374684e-09

1.380643603418487e-03

0.000000000000000e+00

0.000000000000000e+00

1.100000000000000e+00

1.100000000000000e+00
24

7.227982457124051e-09

1.027221196269107e-03

0.000000000000000e+00

0.000000000000000e+00

1.100000000000000e+00

1.100000000000000e+00
25

7.531959066622787e-09

5.609636372375099e-04

0.000000000000000e+00

0.000000000000000e+00

1.100000000000000e+00

1.100000000000000e+00
26

8.139912285620258e-09

1.460309863509827e-04

0.000000000000000e+00

0.000000000000000e+00

1.100000000000000e+00

1.100000000000000e+00
27

9.139912285620259e-09

2.966612741845345e-06

0.000000000000000e+00

0.000000000000000e+00

1.100000000000000e+00

1.100000000000000e+00
28

1.000000000000000e-08

8.339997242558495e-07

0.000000000000000e+00

0.000000000000000e+00

1.100000000000000e+00

1.100000000000000e+00
29

1.010000000000000e-08

-1.388223222755734e-04

1.099999999999992e-01

1.099999999999992e-01

9.900000000000009e-01

9.900000000000009e-01
30

1.030000000000000e-08

2.337387991548559e-04

3.299999999999993e-01

3.299999999999993e-01

7.700000000000008e-01

7.700000000000008e-01
31

1.070000000000000e-08

2.095025591762288e-03

7.699999999999997e-01

7.699999999999997e-01

3.300000000000005e-01

3.300000000000005e-01
32

1.100000000000000e-08

2.261665139270683e-03

1.100000000000000e+00

1.100000000000000e+00

0.000000000000000e+00

0.000000000000000e+00
33

1.105728088300659e-08

2.066417134153559e-03

1.100000000000000e+00

1.100000000000000e+00

0.000000000000000e+00

0.000000000000000e+00
34

1.117184264901977e-08

1.702359479181399e-03

1.100000000000000e+00

1.100000000000000e+00

0.000000000000000e+00

0.000000000000000e+00
35

1.140096618104613e-08

1.135343021150911e-03

1.100000000000000e+00

1.100000000000000e+00

0.000000000000000e+00

0.000000000000000e+00
36

1.185921324509885e-08

4.832919826546390e-04

1.100000000000000e+00

1.100000000000000e+00

0.000000000000000e+00

0.000000000000000e+00
37

1.277570737320428e-08

6.364908950799722e-05

1.100000000000000e+00

1.100000000000000e+00

0.000000000000000e+00

0.000000000000000e+00
38

1.377570737320428e-08

2.054521005121928e-05

1.100000000000000e+00

1.100000000000000e+00

0.000000000000000e+00

0.000000000000000e+00
39

1.477570737320428e-08

1.363463120208300e-05

1.100000000000000e+00

1.100000000000000e+00

0.000000000000000e+00

0.000000000000000e+00
40

1.577570737320428e-08

1.035571419126615e-05

1.100000000000000e+00

1.100000000000000e+00

0.000000000000000e+00

0.000000000000000e+00
41

1.600000000000000e-08

9.837769789518107e-06

1.099999999999999e+00

1.099999999999999e+00

6.824240053562478e-16

6.824240053562478e-16
42

1.610000000000000e-08

-2.883201336941182e-05

9.899999999999984e-01

9.899999999999984e-01

1.100000000000017e-01

1.100000000000017e-01
43

1.630000000000000e-08

-4.691391429877586e-05

7.700000000000001e-01

7.700000000000001e-01

3.300000000000000e-01

3.300000000000000e-01
44

1.670000000000000e-08

1.012357482075666e-03

3.299999999999998e-01

3.299999999999998e-01

7.700000000000004e-01

7.700000000000004e-01
45

1.700000000000000e-08

1.582167862709004e-03

4.549312315749177e-16

4.549312315749177e-16

1.100000000000000e+00

1.100000000000000e+00
46

1.707550064360221e-08

1.381043258326454e-03

0.000000000000000e+00

0.000000000000000e+00

1.100000000000000e+00

1.100000000000000e+00
47

1.722650193080664e-08

1.029522313798574e-03

0.000000000000000e+00

0.000000000000000e+00

1.100000000000000e+00

1.100000000000000e+00
48

1.752850450521548e-08

5.645696875972422e-04

0.000000000000000e+00

0.000000000000000e+00

1.100000000000000e+00

1.100000000000000e+00
49

1.813250965403317e-08

1.486803818994680e-04

0.000000000000000e+00

0.000000000000000e+00

1.100000000000000e+00

1.100000000000000e+00
50

1.913250965403317e-08

3.011167381606732e-06

0.000000000000000e+00

0.000000000000000e+00

1.100000000000000e+00

1.100000000000000e+00
51

2.000000000000000e-08

8.278010989606709e-07

0.000000000000000e+00

0.000000000000000e+00

1.100000000000000e+00

1.100000000000000e+00
52

2.010000000000000e-08

-1.388273926198382e-04

1.100000000000010e-01

1.100000000000010e-01

9.899999999999991e-01

9.899999999999991e-01
53

2.030000000000000e-08

2.337383024594779e-04

3.299999999999993e-01

3.299999999999993e-01

7.700000000000008e-01

7.700000000000008e-01
54

2.070000000000000e-08

2.095024779337266e-03

7.699999999999997e-01

7.699999999999997e-01

3.300000000000005e-01

3.300000000000005e-01
55

2.100000000000000e-08

2.261664158158329e-03

1.099999999999999e+00

1.099999999999999e+00

1.137436499154543e-15

1.137436499154543e-15
56

2.105728052328097e-08

2.066417520015330e-03

1.100000000000000e+00

1.100000000000000e+00

0.000000000000000e+00

0.000000000000000e+00
57

2.117184156984292e-08

1.702362106997797e-03

1.100000000000000e+00

1.100000000000000e+00

0.000000000000000e+00

0.000000000000000e+00
58

2.140096366296681e-08

1.135347910883685e-03

1.100000000000000e+00

1.100000000000000e+00

0.000000000000000e+00

0.000000000000000e+00
59

2.185920784921459e-08

4.832969933597243e-04

1.100000000000000e+00

1.100000000000000e+00

0.000000000000000e+00

0.000000000000000e+00
60

2.277569622171015e-08

6.365101496717277e-05

1.100000000000000e+00

1.100000000000000e+00

0.000000000000000e+00

0.000000000000000e+00
61

2.377569622171015e-08

2.054535289302255e-05

1.100000000000000e+00

1.100000000000000e+00

0.000000000000000e+00

0.000000000000000e+00
62

2.477569622171015e-08

1.363468318749548e-05

1.100000000000000e+00

1.100000000000000e+00

0.000000000000000e+00

0.000000000000000e+00
63

2.577569622171015e-08

1.035574344492816e-05

1.100000000000000e+00

1.100000000000000e+00

0.000000000000000e+00

0.000000000000000e+00
64

2.600000000000000e-08

9.837771609670290e-06

1.099999999999999e+00

1.099999999999999e+00

6.824240053562478e-16

6.824240053562478e-16
65

2.610000000000000e-08

-2.883201220880722e-05

9.899999999999984e-01

9.899999999999984e-01

1.100000000000017e-01

1.100000000000017e-01
66

2.630000000000000e-08

-4.691392366755445e-05

7.700000000000001e-01

7.700000000000001e-01

3.300000000000000e-01

3.300000000000000e-01
67

2.670000000000000e-08

1.012357475612168e-03

3.299999999999998e-01

3.299999999999998e-01

7.700000000000004e-01

7.700000000000004e-01
68

2.700000000000000e-08

1.582167859276356e-03

4.549312315749177e-16

4.549312315749177e-16

1.100000000000000e+00

1.100000000000000e+00
69

2.707550064092816e-08

1.381043261529425e-03

0.000000000000000e+00

0.000000000000000e+00

1.100000000000000e+00

1.100000000000000e+00
70

2.722650192278449e-08

1.029522327050920e-03

0.000000000000000e+00

0.000000000000000e+00

1.100000000000000e+00

1.100000000000000e+00
71

2.752850448649714e-08

5.645697076105212e-04

0.000000000000000e+00

0.000000000000000e+00

1.100000000000000e+00

1.100000000000000e+00
72

2.813250961392244e-08

1.486803964568905e-04

0.000000000000000e+00

0.000000000000000e+00

1.100000000000000e+00

1.100000000000000e+00
73

2.913250961392244e-08

3.011167621317120e-06

0.000000000000000e+00

0.000000000000000e+00

1.100000000000000e+00

1.100000000000000e+00
74

3.000000000000000e-08

8.278010603711068e-07

0.000000000000000e+00

0.000000000000000e+00

1.100000000000000e+00

1.100000000000000e+00
75

3.010000000000000e-08

-1.388273926544942e-04

1.100000000000010e-01

1.100000000000010e-01

9.899999999999991e-01

9.899999999999991e-01
76

3.030000000000001e-08

2.337383023926760e-04

3.300000000000030e-01

3.300000000000030e-01

7.699999999999971e-01

7.699999999999971e-01
77

3.070000000000000e-08

2.095024779289720e-03

7.699999999999997e-01

7.699999999999997e-01

3.300000000000005e-01

3.300000000000005e-01
78

3.100000000000001e-08

2.261664158128401e-03

1.100000000000000e+00

1.100000000000000e+00

0.000000000000000e+00

0.000000000000000e+00
79

3.105728052328566e-08

2.066417519973734e-03

1.100000000000000e+00

1.100000000000000e+00

0.000000000000000e+00

0.000000000000000e+00
80

3.117184156985696e-08

1.702362106936851e-03

1.100000000000000e+00

1.100000000000000e+00

0.000000000000000e+00

0.000000000000000e+00
81

3.140096366299956e-08

1.135347910804538e-03

1.100000000000000e+00

1.100000000000000e+00

0.000000000000000e+00

0.000000000000000e+00
82

3.185920784928477e-08

4.832969932892260e-04

1.100000000000000e+00

1.100000000000000e+00

0.000000000000000e+00

0.000000000000000e+00
83

3.277569622185518e-08

6.365101494205088e-05

1.100000000000000e+00

1.100000000000000e+00

0.000000000000000e+00

0.000000000000000e+00
84

3.377569622185519e-08

2.054535289122490e-05

1.100000000000000e+00

1.100000000000000e+00

0.000000000000000e+00

0.000000000000000e+00
85

3.477569622185519e-08

1.363468318682945e-05

1.100000000000000e+00

1.100000000000000e+00

0.000000000000000e+00

0.000000000000000e+00
86

3.577569622185519e-08

1.035574344452681e-05

1.100000000000000e+00

1.100000000000000e+00

0.000000000000000e+00

0.000000000000000e+00
87

3.600000000000000e-08

9.837771609626488e-06

1.099999999999999e+00

1.099999999999999e+00

6.824240053562478e-16

6.824240053562478e-16
88

3.610000000000001e-08

-2.883201220884635e-05

9.899999999999984e-01

9.899999999999984e-01

1.100000000000017e-01

1.100000000000017e-01
89

3.630000000000001e-08

-4.691392366762147e-05

7.699999999999965e-01

7.699999999999965e-01

3.300000000000036e-01

3.300000000000036e-01
90

3.670000000000000e-08

1.012357475612124e-03

3.299999999999998e-01

3.299999999999998e-01

7.700000000000004e-01

7.700000000000004e-01
91

3.700000000000001e-08

1.582167859276338e-03

0.000000000000000e+00

0.000000000000000e+00

1.100000000000000e+00

1.100000000000000e+00
92

3.707550064092816e-08

1.381043261529431e-03

0.000000000000000e+00

0.000000000000000e+00

1.100000000000000e+00

1.100000000000000e+00
93

3.722650192278446e-08

1.029522327050964e-03

0.000000000000000e+00

0.000000000000000e+00

1.100000000000000e+00

1.100000000000000e+00
94

3.752850448649707e-08

5.645697076105906e-04

0.000000000000000e+00

0.000000000000000e+00

1.100000000000000e+00

1.100000000000000e+00
95

3.813250961392229e-08

1.486803964569431e-04

0.000000000000000e+00

0.000000000000000e+00

1.100000000000000e+00

1.100000000000000e+00
96

3.913250961392230e-08

3.011167621322448e-06

0.000000000000000e+00

0.000000000000000e+00

1.100000000000000e+00

1.100000000000000e+00
97

4.000000000000000e-08

8.278010603760158e-07

0.000000000000000e+00

0.000000000000000e+00

1.100000000000000e+00

1.100000000000000e+00
98

4.010000000000000e-08

-1.388273926544900e-04

1.100000000000010e-01

1.100000000000010e-01

9.899999999999991e-01

9.899999999999991e-01
99

4.030000000000000e-08

2.337383023926922e-04

3.300000000000030e-01

3.300000000000030e-01

7.699999999999971e-01

7.699999999999971e-01
100

4.070000000000000e-08

2.095024779289775e-03

7.699999999999997e-01

7.699999999999997e-01

3.300000000000005e-01

3.300000000000005e-01
101

4.100000000000000e-08

2.261664158128444e-03

1.100000000000000e+00

1.100000000000000e+00

0.000000000000000e+00

0.000000000000000e+00
102

4.105728052328565e-08

2.066417519973776e-03

1.100000000000000e+00

1.100000000000000e+00

0.000000000000000e+00

0.000000000000000e+00
103

4.117184156985695e-08

1.702362106936891e-03

1.100000000000000e+00

1.100000000000000e+00

0.000000000000000e+00

0.000000000000000e+00
104

4.140096366299955e-08

1.135347910804572e-03

1.100000000000000e+00

1.100000000000000e+00

0.000000000000000e+00

0.000000000000000e+00
105

4.185920784928476e-08

4.832969932892449e-04

1.100000000000000e+00

1.100000000000000e+00

0.000000000000000e+00

0.000000000000000e+00
106

4.277569622185516e-08

6.365101494205506e-05

1.100000000000000e+00

1.100000000000000e+00

0.000000000000000e+00

0.000000000000000e+00
107

4.377569622185516e-08

2.054535289122536e-05

1.100000000000000e+00

1.100000000000000e+00

0.000000000000000e+00

0.000000000000000e+00
108

4.477569622185517e-08

1.363468318682971e-05

1.100000000000000e+00

1.100000000000000e+00

0.000000000000000e+00

0.000000000000000e+00
109

4.577569622185517e-08

1.035574344452720e-05

1.100000000000000e+00

1.100000000000000e+00

0.000000000000000e+00

0.000000000000000e+00
110

4.600000000000000e-08

9.837771609626744e-06

1.099999999999999e+00

1.099999999999999e+00

6.824240053562478e-16

6.824240053562478e-16
111

4.610000000000000e-08

-2.883201220884627e-05

9.899999999999984e-01

9.899999999999984e-01

1.100000000000017e-01

1.100000000000017e-01
112

4.630000000000000e-08

-4.691392366762165e-05

7.699999999999965e-01

7.699999999999965e-01

3.300000000000036e-01

3.300000000000036e-01
113

4.670000000000000e-08

1.012357475612124e-03

3.299999999999998e-01

3.299999999999998e-01

7.700000000000004e-01

7.700000000000004e-01
114

4.700000000000000e-08

1.582167859276338e-03

0.000000000000000e+00

0.000000000000000e+00

1.100000000000000e+00

1.100000000000000e+00
115

4.707550064092816e-08

1.381043261529430e-03

0.000000000000000e+00

0.000000000000000e+00

1.100000000000000e+00

1.100000000000000e+00
116

4.722650192278446e-08

1.029522327050964e-03

0.000000000000000e+00

0.000000000000000e+00

1.100000000000000e+00

1.100000000000000e+00
117

4.752850448649707e-08

5.645697076105908e-04

0.000000000000000e+00

0.000000000000000e+00

1.100000000000000e+00

1.100000000000000e+00
118

4.813250961392229e-08

1.486803964569431e-04

0.000000000000000e+00

0.000000000000000e+00

1.100000000000000e+00

1.100000000000000e+00
119

4.913250961392229e-08

3.011167621322445e-06

0.000000000000000e+00

0.000000000000000e+00

1.100000000000000e+00

1.100000000000000e+00
120

5.000000000000000e-08

8.278010603762513e-07

0.000000000000000e+00

0.000000000000000e+00

1.100000000000000e+00

1.100000000000000e+00
121

5.010000000000000e-08

-1.388273926544900e-04

1.100000000000010e-01

1.100000000000010e-01

9.899999999999991e-01

9.899999999999991e-01
122

5.030000000000000e-08

2.337383023926927e-04

3.300000000000030e-01

3.300000000000030e-01

7.699999999999971e-01

7.699999999999971e-01
123

5.070000000000000e-08

2.095024779289775e-03

7.699999999999997e-01

7.699999999999997e-01

3.300000000000005e-01

3.300000000000005e-01
124

5.100000000000000e-08

2.261664158128443e-03

1.100000000000000e+00

1.100000000000000e+00

0.000000000000000e+00

0.000000000000000e+00
125

5.105728052328565e-08

2.066417519973775e-03

1.100000000000000e+00

1.100000000000000e+00

0.000000000000000e+00

0.000000000000000e+00
126

5.117184156985695e-08

1.702362106936890e-03

1.100000000000000e+00

1.100000000000000e+00

0.000000000000000e+00

0.000000000000000e+00
127

5.140096366299955e-08

1.135347910804572e-03

1.100000000000000e+00

1.100000000000000e+00

0.000000000000000e+00

0.000000000000000e+00
128

5.185920784928475e-08

4.832969932892468e-04

1.100000000000000e+00

1.100000000000000e+00

0.000000000000000e+00

0.000000000000000e+00
129

5.277569622185515e-08

6.365101494205595e-05

1.100000000000000e+00

1.100000000000000e+00

0.000000000000000e+00

0.000000000000000e+00
130

5.377569622185515e-08

2.054535289122510e-05

1.100000000000000e+00

1.100000000000000e+00

0.000000000000000e+00

0.000000000000000e+00
131

5.477569622185516e-08

1.363468318682958e-05

1.100000000000000e+00

1.100000000000000e+00

0.000000000000000e+00

0.000000000000000e+00
132

5.577569622185516e-08

1.035574344452707e-05

1.100000000000000e+00

1.100000000000000e+00

0.000000000000000e+00

0.000000000000000e+00
133

5.600000000000000e-08

9.837771609626048e-06

1.099999999999999e+00

1.099999999999999e+00

6.824240053562478e-16

6.824240053562478e-16
134

5.610000000000000e-08

-2.883201220884695e-05

9.899999999999984e-01

9.899999999999984e-01

1.100000000000017e-01

1.100000000000017e-01
135

5.630000000000000e-08

-4.691392366762235e-05

7.699999999999965e-01

7.699999999999965e-01

3.300000000000036e-01

3.300000000000036e-01
136

5.670000000000000e-08

1.012357475612124e-03

3.299999999999998e-01

3.299999999999998e-01

7.700000000000004e-01

7.700000000000004e-01
137

5.700000000000000e-08

1.582167859276338e-03

0.000000000000000e+00

0.000000000000000e+00

1.100000000000000e+00

1.100000000000000e+00
138

5.707550064092815e-08

1.381043261529430e-03

0.000000000000000e+00

0.000000000000000e+00

1.100000000000000e+00

1.100000000000000e+00
139

5.722650192278446e-08

1.029522327050964e-03

0.000000000000000e+00

0.000000000000000e+00

1.100000000000000e+00

1.100000000000000e+00
140

5.752850448649707e-08

5.645697076105912e-04

0.000000000000000e+00

0.000000000000000e+00

1.100000000000000e+00

1.100000000000000e+00
141

5.813250961392228e-08

1.486803964569434e-04

0.000000000000000e+00

0.000000000000000e+00

1.100000000000000e+00

1.100000000000000e+00
142

5.913250961392228e-08

3.011167621322709e-06

0.000000000000000e+00

0.000000000000000e+00

1.100000000000000e+00

1.100000000000000e+00
143

5.999999999999999e-08

8.278010603758379e-07

0.000000000000000e+00

0.000000000000000e+00

1.100000000000000e+00

1.100000000000000e+00
144

6.009999999999999e-08

-1.388273926544641e-04

1.099999999999792e-01

1.099999999999792e-01

9.900000000000210e-01

9.900000000000210e-01
145

6.029999999999999e-08

2.337383023924449e-04

3.299999999999811e-01

3.299999999999811e-01

7.700000000000190e-01

7.700000000000190e-01
146

6.069999999999999e-08

2.095024779289193e-03

7.699999999999850e-01

7.699999999999850e-01

3.300000000000150e-01

3.300000000000150e-01
147

6.100000000000000e-08

2.261664158128132e-03

1.099999999999995e+00

1.099999999999995e+00

4.776994771971133e-15

4.776994771971133e-15
148

6.105728052328568e-08

2.066417519973411e-03

1.100000000000000e+00

1.100000000000000e+00

0.000000000000000e+00

0.000000000000000e+00
149

6.117184156985704e-08

1.702362106936429e-03

1.100000000000000e+00

1.100000000000000e+00

0.000000000000000e+00

0.000000000000000e+00
150

6.140096366299976e-08

1.135347910804026e-03

1.100000000000000e+00

1.100000000000000e+00

0.000000000000000e+00

0.000000000000000e+00
151

6.185920784928519e-08

4.832969932887951e-04

1.100000000000000e+00

1.100000000000000e+00

0.000000000000000e+00

0.000000000000000e+00
152

6.277569622185606e-08

6.365101494189221e-05

1.100000000000000e+00

1.100000000000000e+00

0.000000000000000e+00

0.000000000000000e+00
153

6.377569622185606e-08

2.054535289120195e-05

1.100000000000000e+00

1.100000000000000e+00

0.000000000000000e+00

0.000000000000000e+00
154

6.477569622185605e-08

1.363468318682463e-05

1.100000000000000e+00

1.100000000000000e+00

0.000000000000000e+00

0.000000000000000e+00
155

6.577569622185605e-08

1.035574344452396e-05

1.100000000000000e+00

1.100000000000000e+00

0.000000000000000e+00

0.000000000000000e+00
156

6.600000000000001e-08

9.837771609625689e-06

1.099999999999999e+00

1.099999999999999e+00

6.824240053562478e-16

6.824240053562478e-16
157

6.610000000000000e-08

-2.883201220884931e-05

9.900000000000057e-01

9.900000000000057e-01

1.099999999999944e-01

1.099999999999944e-01
158

6.630000000000000e-08

-4.691392366763928e-05

7.700000000000037e-01

7.700000000000037e-01

3.299999999999964e-01

3.299999999999964e-01
159

6.670000000000001e-08

1.012357475612097e-03

3.299999999999998e-01

3.299999999999998e-01

7.700000000000004e-01

7.700000000000004e-01
160

6.700000000000000e-08

1.582167859276308e-03

4.094489504391507e-15

4.094489504391507e-15

1.099999999999996e+00

1.099999999999996e+00
161

6.707550064092815e-08

1.381043261529417e-03

0.000000000000000e+00

0.000000000000000e+00

1.100000000000000e+00

1.100000000000000e+00
162

6.722650192278445e-08

1.029522327050967e-03

0.000000000000000e+00

0.000000000000000e+00

1.100000000000000e+00

1.100000000000000e+00
163

6.752850448649705e-08

5.645697076106088e-04

0.000000000000000e+00

0.000000000000000e+00

1.100000000000000e+00

1.100000000000000e+00
164

6.813250961392224e-08

1.486803964569588e-04

0.000000000000000e+00

0.000000000000000e+00

1.100000000000000e+00

1.100000000000000e+00
165

6.913250961392223e-08

3.011167621322819e-06

0.000000000000000e+00

0.000000000000000e+00

1.100000000000000e+00

1.100000000000000e+00
166

7.000000000000000e-08

8.278010603759011e-07

0.000000000000000e+00

0.000000000000000e+00

1.100000000000000e+00

1.100000000000000e+00
167

7.010000000000000e-08

-1.388273926544819e-04

1.099999999999937e-01

1.099999999999937e-01

9.900000000000064e-01

9.900000000000064e-01
168

7.030000000000000e-08

2.337383023926080e-04

3.299999999999957e-01

3.299999999999957e-01

7.700000000000045e-01

7.700000000000045e-01
169

7.070000000000000e-08

2.095024779289563e-03

7.699999999999997e-01

7.699999999999997e-01

3.300000000000005e-01

3.300000000000005e-01
170

7.100000000000000e-08

2.261664158128310e-03

1.099999999999995e+00

1.099999999999995e+00

4.776994771971133e-15

4.776994771971133e-15
171

7.105728052328566e-08

2.066417519973630e-03

1.100000000000000e+00

1.100000000000000e+00

0.000000000000000e+00

0.000000000000000e+00
172

7.117184156985698e-08

1.702362106936721e-03

1.100000000000000e+00

1.100000000000000e+00

0.000000000000000e+00

0.000000000000000e+00
173

7.140096366299962e-08

1.135347910804386e-03

1.100000000000000e+00

1.100000000000000e+00

0.000000000000000e+00

0.000000000000000e+00
174

7.185920784928490e-08

4.832969932890966e-04

1.100000000000000e+00

1.100000000000000e+00

0.000000000000000e+00

0.000000000000000e+00
175

7.277569622185545e-08

6.365101494199419e-05

1.100000000000000e+00

1.100000000000000e+00

0.000000000000000e+00

0.000000000000000e+00
176

7.377569622185545e-08

2.054535289120982e-05

1.100000000000000e+00

1.100000000000000e+00

0.000000000000000e+00

0.000000000000000e+00
177

7.477569622185544e-08

1.363468318682794e-05

1.100000000000000e+00

1.100000000000000e+00

0.000000000000000e+00

0.000000000000000e+00
178

7.577569622185544e-08

1.035574344452624e-05

1.100000000000000e+00

1.100000000000000e+00

0.000000000000000e+00

0.000000000000000e+00
179

7.600000000000001e-08

9.837771609626786e-06

1.099999999999999e+00

1.099999999999999e+00

6.824240053562478e-16

6.824240053562478e-16
180

7.610000000000000e-08

-2.883201220884802e-05

9.900000000000057e-01

9.900000000000057e-01

1.099999999999944e-01

1.099999999999944e-01
181

7.630000000000000e-08

-4.691392366763353e-05

7.700000000000037e-01

7.700000000000037e-01

3.299999999999964e-01

3.299999999999964e-01
182

7.670000000000001e-08

1.012357475612102e-03

3.299999999999998e-01

3.299999999999998e-01

7.700000000000004e-01

7.700000000000004e-01
183

7.700000000000000e-08

1.582167859276310e-03

4.094489504391507e-15

4.094489504391507e-15

1.099999999999996e+00

1.099999999999996e+00
184

7.707550064092815e-08

1.381043261529417e-03

0.000000000000000e+00

0.000000000000000e+00

1.100000000000000e+00

1.100000000000000e+00
185

7.722650192278445e-08

1.029522327050963e-03

0.000000000000000e+00

0.000000000000000e+00

1.100000000000000e+00

1.100000000000000e+00
186

7.752850448649706e-08

5.645697076106009e-04

0.000000000000000e+00

0.000000000000000e+00

1.100000000000000e+00

1.100000000000000e+00
187

7.813250961392226e-08

1.486803964569524e-04

0.000000000000000e+00

0.000000000000000e+00

1.100000000000000e+00

1.100000000000000e+00
188

7.913250961392226e-08

3.011167621322311e-06

0.000000000000000e+00

0.000000000000000e+00

1.100000000000000e+00

1.100000000000000e+00
189

8.000000000000000e-08

8.278010603754688e-07

0.000000000000000e+00

0.000000000000000e+00

1.100000000000000e+00

1.100000000000000e+00
190

8.010000000000000e-08

-1.388273926544822e-04

1.099999999999937e-01

1.099999999999937e-01

9.900000000000064e-01

9.900000000000064e-01
191

8.030000000000000e-08

2.337383023926075e-04

3.299999999999957e-01

3.299999999999957e-01

7.700000000000045e-01

7.700000000000045e-01
192

8.070000000000000e-08

2.095024779289561e-03

7.699999999999997e-01

7.699999999999997e-01

3.300000000000005e-01

3.300000000000005e-01
193

8.100000000000000e-08

2.261664158128307e-03

1.099999999999995e+00

1.099999999999995e+00

4.776994771971133e-15

4.776994771971133e-15
194

8.105728052328566e-08

2.066417519973628e-03

1.100000000000000e+00

1.100000000000000e+00

0.000000000000000e+00

0.000000000000000e+00
195

8.117184156985698e-08

1.702362106936719e-03

1.100000000000000e+00

1.100000000000000e+00

0.000000000000000e+00

0.000000000000000e+00
196

8.140096366299962e-08

1.135347910804384e-03

1.100000000000000e+00

1.100000000000000e+00

0.000000000000000e+00

0.000000000000000e+00
197

8.185920784928489e-08

4.832969932890958e-04

1.100000000000000e+00

1.100000000000000e+00

0.000000000000000e+00

0.000000000000000e+00
198

8.277569622185545e-08

6.365101494199407e-05

1.100000000000000e+00

1.100000000000000e+00

0.000000000000000e+00

0.000000000000000e+00
199

8.377569622185544e-08

2.054535289120995e-05

1.100000000000000e+00

1.100000000000000e+00

0.000000000000000e+00

0.000000000000000e+00
200

8.477569622185544e-08

1.363468318682808e-05

1.100000000000000e+00

1.100000000000000e+00

0.000000000000000e+00

0.000000000000000e+00
201

8.577569622185543e-08

1.035574344452636e-05

1.100000000000000e+00

1.100000000000000e+00

0.000000000000000e+00

0.000000000000000e+00
202

8.600000000000000e-08

9.837771609626976e-06

1.099999999999999e+00

1.099999999999999e+00

6.824240053562478e-16

6.824240053562478e-16
203

8.610000000000000e-08

-2.883201220884785e-05

9.900000000000057e-01

9.900000000000057e-01

1.099999999999944e-01

1.099999999999944e-01
204

8.630000000000000e-08

-4.691392366763371e-05

7.700000000000037e-01

7.700000000000037e-01

3.299999999999964e-01

3.299999999999964e-01
205

8.670000000000000e-08

1.012357475612102e-03

3.299999999999998e-01

3.299999999999998e-01

7.700000000000004e-01

7.700000000000004e-01
206

8.700000000000000e-08

1.582167859276311e-03

4.094489504391507e-15

4.094489504391507e-15

1.099999999999996e+00

1.099999999999996e+00
207

8.707550064092814e-08

1.381043261529418e-03

0.000000000000000e+00

0.000000000000000e+00

1.100000000000000e+00

1.100000000000000e+00
208

8.722650192278445e-08

1.029522327050965e-03

0.000000000000000e+00

0.000000000000000e+00

1.100000000000000e+00

1.100000000000000e+00
209

8.752850448649706e-08

5.645697076106034e-04

0.000000000000000e+00

0.000000000000000e+00

1.100000000000000e+00

1.100000000000000e+00
210

8.813250961392226e-08

1.486803964569537e-04

0.000000000000000e+00

0.000000000000000e+00

1.100000000000000e+00

1.100000000000000e+00
211

8.913250961392225e-08

3.011167621322310e-06

0.000000000000000e+00

0.000000000000000e+00

1.100000000000000e+00

1.100000000000000e+00
212

9.000000000000000e-08

8.278010603755023e-07

0.000000000000000e+00

0.000000000000000e+00

1.100000000000000e+00

1.100000000000000e+00
213

9.009999999999999e-08

-1.388273926544822e-04

1.099999999999937e-01

1.099999999999937e-01

9.900000000000064e-01

9.900000000000064e-01
214

9.029999999999999e-08

2.337383023926081e-04

3.299999999999957e-01

3.299999999999957e-01

7.700000000000045e-01

7.700000000000045e-01
215

9.070000000000000e-08

2.095024779289563e-03

7.699999999999997e-01

7.699999999999997e-01

3.300000000000005e-01

3.300000000000005e-01
216

9.099999999999999e-08

2.261664158128309e-03

1.099999999999995e+00

1.099999999999995e+00

4.776994771971133e-15

4.776994771971133e-15
217

9.105728052328565e-08

2.066417519973630e-03

1.100000000000000e+00

1.100000000000000e+00

0.000000000000000e+00

0.000000000000000e+00
218

9.117184156985698e-08

1.702362106936721e-03

1.100000000000000e+00

1.100000000000000e+00

0.000000000000000e+00

0.000000000000000e+00
219

9.140096366299962e-08

1.135347910804385e-03

1.100000000000000e+00

1.100000000000000e+00

0.000000000000000e+00

0.000000000000000e+00
220

9.185920784928489e-08

4.832969932890967e-04

1.100000000000000e+00

1.100000000000000e+00

0.000000000000000e+00

0.000000000000000e+00
221

9.277569622185544e-08

6.365101494199357e-05

1.100000000000000e+00

1.100000000000000e+00

0.000000000000000e+00

0.000000000000000e+00
222

9.377569622185544e-08

2.054535289121015e-05

1.100000000000000e+00

1.100000000000000e+00

0.000000000000000e+00

0.000000000000000e+00
223

9.477569622185544e-08

1.363468318682820e-05

1.100000000000000e+00

1.100000000000000e+00

0.000000000000000e+00

0.000000000000000e+00
224

9.577569622185543e-08

1.035574344452624e-05

1.100000000000000e+00

1.100000000000000e+00

0.000000000000000e+00

0.000000000000000e+00
225

9.600000000000000e-08

9.837771609626693e-06

1.099999999999999e+00

1.099999999999999e+00

6.824240053562478e-16

6.824240053562478e-16
226

9.609999999999999e-08

-2.883201220884819e-05

9.900000000000057e-01

9.900000000000057e-01

1.099999999999944e-01

1.099999999999944e-01
227

9.630000000000000e-08

-4.691392366763407e-05

7.700000000000037e-01

7.700000000000037e-01

3.299999999999964e-01

3.299999999999964e-01
228

9.670000000000000e-08

1.012357475612102e-03

3.299999999999998e-01

3.299999999999998e-01

7.700000000000004e-01

7.700000000000004e-01
229

9.700000000000000e-08

1.582167859276310e-03

4.094489504391507e-15

4.094489504391507e-15

1.099999999999996e+00

1.099999999999996e+00
230

9.707550064092814e-08

1.381043261529418e-03

0.000000000000000e+00

0.000000000000000e+00

1.100000000000000e+00

1.100000000000000e+00
231

9.722650192278444e-08

1.029522327050965e-03

0.000000000000000e+00

0.000000000000000e+00

1.100000000000000e+00

1.100000000000000e+00
232

9.752850448649705e-08

5.645697076106034e-04

0.000000000000000e+00

0.000000000000000e+00

1.100000000000000e+00

1.100000000000000e+00
233

9.813250961392226e-08

1.486803964569537e-04

0.000000000000000e+00

0.000000000000000e+00

1.100000000000000e+00

1.100000000000000e+00
234

9.913250961392225e-08

3.011167621322381e-06

0.000000000000000e+00

0.000000000000000e+00

1.100000000000000e+00

1.100000000000000e+00
235

1.000000000000000e-07

8.278010603754417e-07

0.000000000000000e+00

0.000000000000000e+00

1.100000000000000e+00

1.100000000000000e+00
