Title:
*nand
Date:
Fri
Sep
16
06:00:48

2011
Plotname:
Transient
Analysis
Flags:
real
No.
Variables:
4
No.
Points:
281





Variables:

0
time
time

1
v(out)
voltage

2
v(a)
voltage

3
v(b)
voltage
Values:
0

0.000000000000000e+00

1.099999380056337e+00

0.000000000000000e+00

0.000000000000000e+00
1

5.000000000000001e-12

1.100025117026052e+00

5.500000000000001e-03

5.500000000000001e-03
2

1.000000000000000e-11

1.100049247582013e+00

1.100000000000000e-02

1.100000000000000e-02
3

2.000000000000000e-11

1.100094512241199e+00

2.200000000000000e-02

2.200000000000000e-02
4

4.000000000000000e-11

1.100169486545842e+00

4.400000000000000e-02

4.400000000000000e-02
5

8.000000000000001e-11

1.100275317421476e+00

8.800000000000001e-02

8.800000000000001e-02
6

1.600000000000000e-10

1.100394849771295e+00

1.760000000000000e-01

1.760000000000000e-01
7

3.200000000000000e-10

1.100497049477367e+00

3.520000000000000e-01

3.520000000000000e-01
8

6.400000000000001e-10

1.063252566094339e+00

7.040000000000001e-01

7.040000000000001e-01
9

1.000000000000000e-09

8.986576051781255e-01

1.100000000000000e+00

1.100000000000000e+00
10

1.064000000000000e-09

8.551290885651914e-01

1.100000000000000e+00

1.100000000000000e+00
11

1.192000000000000e-09

7.686905086308748e-01

1.100000000000000e+00

1.100000000000000e+00
12

1.448000000000000e-09

6.000090249090808e-01

1.100000000000000e+00

1.100000000000000e+00
13

1.960000000000000e-09

3.097630079915715e-01

1.100000000000000e+00

1.100000000000000e+00
14

2.960000000000000e-09

3.378222255564215e-02

1.100000000000000e+00

1.100000000000000e+00
15

3.505730521335963e-09

1.029740110129674e-02

1.100000000000000e+00

1.100000000000000e+00
16

3.932274800902540e-09

4.192757332432014e-03

1.100000000000000e+00

1.100000000000000e+00
17

4.498457942952710e-09

1.182051018905284e-03

1.100000000000000e+00

1.100000000000000e+00
18

5.498457942952710e-09

9.698311594935305e-06

1.100000000000000e+00

1.100000000000000e+00
19

6.000000000000000e-09

6.947590255602791e-06

1.100000000000000e+00

1.100000000000000e+00
20

6.100000000000000e-09

-1.172797553177547e-04

9.900000000000002e-01

1.100000000000000e+00
21

6.300000000000000e-09

9.594687652337362e-04

7.700000000000001e-01

1.100000000000000e+00
22

6.514376442517778e-09

5.138723700856751e-02

5.341859132304445e-01

1.100000000000000e+00
23

6.708909711410450e-09

2.349229653169961e-01

3.201993174485058e-01

1.100000000000000e+00
24

6.958027956755921e-09

6.986508059903316e-01

4.616924756848748e-02

1.100000000000000e+00
25

7.000000000000000e-09

7.908062097489342e-01

4.549312315749177e-16

1.100000000000000e+00
26

7.042604541277339e-09

8.641627687654706e-01

0.000000000000000e+00

1.100000000000000e+00
27

7.127813623832018e-09

9.792663923154623e-01

0.000000000000000e+00

1.100000000000000e+00
28

7.298231788941375e-09

1.078733391045109e+00

0.000000000000000e+00

1.100000000000000e+00
29

7.582702930301578e-09

1.102388639470681e+00

0.000000000000000e+00

1.100000000000000e+00
30

7.886826542727451e-09

1.099614565644624e+00

0.000000000000000e+00

1.100000000000000e+00
31

8.381743746202557e-09

1.100138503901570e+00

0.000000000000000e+00

1.100000000000000e+00
32

9.371578153152766e-09

1.099905960955209e+00

0.000000000000000e+00

1.100000000000000e+00
33

1.000000000000000e-08

1.100040927786443e+00

0.000000000000000e+00

1.100000000000000e+00
34

1.010000000000000e-08

1.100214819384066e+00

1.099999999999992e-01

1.100000000000000e+00
35

1.030000000000000e-08

1.100293289618542e+00

3.299999999999993e-01

1.100000000000000e+00
36

1.070000000000000e-08

1.005876519215500e+00

7.699999999999997e-01

1.100000000000000e+00
37

1.100000000000000e-08

8.338368312752645e-01

1.100000000000000e+00

1.099999999999999e+00
38

1.106443486734899e-08

7.945935641469586e-01

1.100000000000000e+00

1.029121645916115e+00
39

1.119330460204696e-08

7.254690176885668e-01

1.100000000000000e+00

8.873649377483497e-01
40

1.145104407144289e-08

6.498643420798482e-01

1.100000000000000e+00

6.038515214128160e-01
41

1.196652301023477e-08

8.412466060619033e-01

1.100000000000000e+00

3.682468874174870e-02
42

1.200000000000000e-08

8.696115876875891e-01

1.100000000000000e+00

4.549312315749177e-16
43

1.206695397953045e-08

9.160354560085920e-01

1.100000000000000e+00

0.000000000000000e+00
44

1.220086193859135e-08

9.917251541577351e-01

1.100000000000000e+00

0.000000000000000e+00
45

1.246867785671316e-08

1.068477943487106e+00

1.100000000000000e+00

0.000000000000000e+00
46

1.300430969295677e-08

1.102247983319063e+00

1.100000000000000e+00

0.000000000000000e+00
47

1.362885210408548e-08

1.099633836936553e+00

1.100000000000000e+00

0.000000000000000e+00
48

1.460919297638871e-08

1.100133222383690e+00

1.100000000000000e+00

0.000000000000000e+00
49

1.560919297638871e-08

1.099947363333339e+00

1.100000000000000e+00

0.000000000000000e+00
50

1.600000000000000e-08

1.099994767591767e+00

1.099999999999999e+00

0.000000000000000e+00
51

1.610000000000000e-08

1.099869910982553e+00

9.899999999999984e-01

0.000000000000000e+00
52

1.630000000000000e-08

1.099673622788689e+00

7.700000000000001e-01

0.000000000000000e+00
53

1.670000000000000e-08

1.099624955578035e+00

3.299999999999998e-01

0.000000000000000e+00
54

1.700000000000000e-08

1.099718064789167e+00

4.549312315749177e-16

0.000000000000000e+00
55

1.708000000000000e-08

1.099863074090181e+00

0.000000000000000e+00

0.000000000000000e+00
56

1.724000000000000e-08

1.100003023323194e+00

0.000000000000000e+00

0.000000000000000e+00
57

1.756000000000000e-08

1.099996636181045e+00

0.000000000000000e+00

0.000000000000000e+00
58

1.820000000000000e-08

1.099999591747039e+00

0.000000000000000e+00

0.000000000000000e+00
59

1.920000000000000e-08

1.099997868664137e+00

0.000000000000000e+00

0.000000000000000e+00
60

2.000000000000000e-08

1.099999314938626e+00

0.000000000000000e+00

0.000000000000000e+00
61

2.010000000000000e-08

1.100244751504073e+00

1.100000000000010e-01

1.100000000000010e-01
62

2.030000000000000e-08

1.100481631107147e+00

3.299999999999993e-01

3.299999999999993e-01
63

2.070000000000000e-08

1.038508792619883e+00

7.699999999999997e-01

7.699999999999997e-01
64

2.100000000000000e-08

8.898978647213420e-01

1.099999999999999e+00

1.099999999999999e+00
65

2.107949928545910e-08

8.359947360583380e-01

1.100000000000000e+00

1.100000000000000e+00
66

2.123849785637729e-08

7.291658501871064e-01

1.100000000000000e+00

1.100000000000000e+00
67

2.155649499821367e-08

5.230610249150022e-01

1.100000000000000e+00

1.100000000000000e+00
68

2.219248928188644e-08

2.085630212429105e-01

1.100000000000000e+00

1.100000000000000e+00
69

2.302383612148072e-08

3.291061335004238e-02

1.100000000000000e+00

1.100000000000000e+00
70

2.348999117615826e-08

1.230486851119272e-02

1.100000000000000e+00

1.100000000000000e+00
71

2.396295809692870e-08

4.474087756277180e-03

1.100000000000000e+00

1.100000000000000e+00
72

2.452558454968693e-08

1.274292103872370e-03

1.100000000000000e+00

1.100000000000000e+00
73

2.552558454968693e-08

1.011437943372467e-05

1.100000000000000e+00

1.100000000000000e+00
74

2.600000000000000e-08

7.122687375087771e-06

1.099999999999999e+00

1.100000000000000e+00
75

2.610000000000000e-08

-1.170954301496993e-04

9.899999999999984e-01

1.100000000000000e+00
76

2.630000000000000e-08

9.596021013669538e-04

7.700000000000001e-01

1.100000000000000e+00
77

2.651437623022497e-08

5.138722264230806e-02

5.341861467525370e-01

1.100000000000000e+00
78

2.670890938064970e-08

2.349225593363673e-01

3.201996812853346e-01

1.100000000000000e+00
79

2.695802741918877e-08

6.986498550782894e-01

4.616983889234846e-02

1.100000000000000e+00
80

2.700000000000000e-08

7.908064438640325e-01

4.549312315749177e-16

1.100000000000000e+00
81

2.704260474392963e-08

8.641632386329089e-01

0.000000000000000e+00

1.100000000000000e+00
82

2.712781423178888e-08

9.792670829055233e-01

0.000000000000000e+00

1.100000000000000e+00
83

2.729823320750739e-08

1.078733814686254e+00

0.000000000000000e+00

1.100000000000000e+00
84

2.758270451301657e-08

1.102388601825808e+00

0.000000000000000e+00

1.100000000000000e+00
85

2.788682874544071e-08

1.099614569216021e+00

0.000000000000000e+00

1.100000000000000e+00
86

2.838174724814220e-08

1.100138502988861e+00

0.000000000000000e+00

1.100000000000000e+00
87

2.937158425354517e-08

1.099905961435856e+00

0.000000000000000e+00

1.100000000000000e+00
88

3.000000000000000e-08

1.100040927219158e+00

0.000000000000000e+00

1.100000000000000e+00
89

3.010000000000000e-08

1.100214819071628e+00

1.100000000000010e-01

1.100000000000000e+00
90

3.030000000000001e-08

1.100293289582572e+00

3.300000000000030e-01

1.100000000000000e+00
91

3.070000000000000e-08

1.005876519220346e+00

7.699999999999997e-01

1.100000000000000e+00
92

3.100000000000000e-08

8.338368312792369e-01

1.099999999999995e+00

1.100000000000000e+00
93

3.106443486749292e-08

7.945935640734013e-01

1.100000000000000e+00

1.029121645757788e+00
94

3.119330460247877e-08

7.254690175026174e-01

1.100000000000000e+00

8.873649372733534e-01
95

3.145104407245047e-08

6.498643420354341e-01

1.100000000000000e+00

6.038515203044847e-01
96

3.196652301239387e-08

8.412466070255791e-01

1.100000000000000e+00

3.682468636674756e-02
97

3.200000000000000e-08

8.696115868660306e-01

1.100000000000000e+00

0.000000000000000e+00
98

3.206695397521227e-08

9.160354528519928e-01

1.100000000000000e+00

0.000000000000000e+00
99

3.220086192563681e-08

9.917251482282115e-01

1.100000000000000e+00

0.000000000000000e+00
100

3.246867782648590e-08

1.068477938378450e+00

1.100000000000000e+00

0.000000000000000e+00
101

3.300430962818406e-08

1.102247982615015e+00

1.100000000000000e+00

0.000000000000000e+00
102

3.362885203849221e-08

1.099633837052388e+00

1.100000000000000e+00

0.000000000000000e+00
103

3.460919285247825e-08

1.100133222331545e+00

1.100000000000000e+00

0.000000000000000e+00
104

3.560919285247825e-08

1.099947363353089e+00

1.100000000000000e+00

0.000000000000000e+00
105

3.600000000000000e-08

1.099994767601232e+00

1.099999999999999e+00

0.000000000000000e+00
106

3.610000000000001e-08

1.099869910989109e+00

9.899999999999984e-01

0.000000000000000e+00
107

3.630000000000001e-08

1.099673622791213e+00

7.699999999999965e-01

0.000000000000000e+00
108

3.670000000000000e-08

1.099624955578126e+00

3.299999999999998e-01

0.000000000000000e+00
109

3.700000000000001e-08

1.099718064789152e+00

0.000000000000000e+00

0.000000000000000e+00
110

3.708000000000001e-08

1.099863074090174e+00

0.000000000000000e+00

0.000000000000000e+00
111

3.724000000000001e-08

1.100003023323194e+00

0.000000000000000e+00

0.000000000000000e+00
112

3.756000000000001e-08

1.099996636181046e+00

0.000000000000000e+00

0.000000000000000e+00
113

3.820000000000000e-08

1.099999591747039e+00

0.000000000000000e+00

0.000000000000000e+00
114

3.920000000000001e-08

1.099997868664137e+00

0.000000000000000e+00

0.000000000000000e+00
115

4.000000000000000e-08

1.099999314938626e+00

0.000000000000000e+00

0.000000000000000e+00
116

4.010000000000000e-08

1.100244751504073e+00

1.100000000000010e-01

1.100000000000010e-01
117

4.030000000000000e-08

1.100481631107148e+00

3.300000000000030e-01

3.300000000000030e-01
118

4.070000000000000e-08

1.038508792619883e+00

7.699999999999997e-01

7.699999999999997e-01
119

4.100000000000000e-08

8.898978647213402e-01

1.100000000000000e+00

1.100000000000000e+00
120

4.107949928545910e-08

8.359947360583363e-01

1.100000000000000e+00

1.100000000000000e+00
121

4.123849785637729e-08

7.291658501871054e-01

1.100000000000000e+00

1.100000000000000e+00
122

4.155649499821367e-08

5.230610249150035e-01

1.100000000000000e+00

1.100000000000000e+00
123

4.219248928188643e-08

2.085630212429137e-01

1.100000000000000e+00

1.100000000000000e+00
124

4.302383612148073e-08

3.291061335004028e-02

1.100000000000000e+00

1.100000000000000e+00
125

4.348999117615828e-08

1.230486851119185e-02

1.100000000000000e+00

1.100000000000000e+00
126

4.396295809692872e-08

4.474087756276874e-03

1.100000000000000e+00

1.100000000000000e+00
127

4.452558454968695e-08

1.274292103872286e-03

1.100000000000000e+00

1.100000000000000e+00
128

4.552558454968695e-08

1.011437943372467e-05

1.100000000000000e+00

1.100000000000000e+00
129

4.600000000000000e-08

7.122687375086297e-06

1.099999999999999e+00

1.100000000000000e+00
130

4.610000000000000e-08

-1.170954301497008e-04

9.899999999999984e-01

1.100000000000000e+00
131

4.630000000000000e-08

9.596021013670508e-04

7.699999999999965e-01

1.100000000000000e+00
132

4.651437623022497e-08

5.138722264231133e-02

5.341861467525297e-01

1.100000000000000e+00
133

4.670890938064970e-08

2.349225593363677e-01

3.201996812853346e-01

1.100000000000000e+00
134

4.695802741918878e-08

6.986498550782910e-01

4.616983889234483e-02

1.100000000000000e+00
135

4.700000000000000e-08

7.908064438640340e-01

0.000000000000000e+00

1.100000000000000e+00
136

4.704260474392963e-08

8.641632386329100e-01

0.000000000000000e+00

1.100000000000000e+00
137

4.712781423178889e-08

9.792670829055240e-01

0.000000000000000e+00

1.100000000000000e+00
138

4.729823320750740e-08

1.078733814686254e+00

0.000000000000000e+00

1.100000000000000e+00
139

4.758270451301658e-08

1.102388601825808e+00

0.000000000000000e+00

1.100000000000000e+00
140

4.788682874544072e-08

1.099614569216021e+00

0.000000000000000e+00

1.100000000000000e+00
141

4.838174724814221e-08

1.100138502988861e+00

0.000000000000000e+00

1.100000000000000e+00
142

4.937158425354518e-08

1.099905961435856e+00

0.000000000000000e+00

1.100000000000000e+00
143

5.000000000000000e-08

1.100040927219158e+00

0.000000000000000e+00

1.100000000000000e+00
144

5.010000000000000e-08

1.100214819071628e+00

1.100000000000010e-01

1.100000000000000e+00
145

5.030000000000000e-08

1.100293289582572e+00

3.300000000000030e-01

1.100000000000000e+00
146

5.070000000000000e-08

1.005876519220344e+00

7.699999999999997e-01

1.100000000000000e+00
147

5.100000000000000e-08

8.338368312792314e-01

1.100000000000000e+00

1.100000000000000e+00
148

5.106443486749292e-08

7.945935640733959e-01

1.100000000000000e+00

1.029121645757788e+00
149

5.119330460247877e-08

7.254690175026119e-01

1.100000000000000e+00

8.873649372733534e-01
150

5.145104407245047e-08

6.498643420354286e-01

1.100000000000000e+00

6.038515203044847e-01
151

5.196652301239387e-08

8.412466070255767e-01

1.100000000000000e+00

3.682468636674756e-02
152

5.200000000000000e-08

8.696115868660285e-01

1.100000000000000e+00

0.000000000000000e+00
153

5.206695397521227e-08

9.160354528519911e-01

1.100000000000000e+00

0.000000000000000e+00
154

5.220086192563681e-08

9.917251482282105e-01

1.100000000000000e+00

0.000000000000000e+00
155

5.246867782648590e-08

1.068477938378450e+00

1.100000000000000e+00

0.000000000000000e+00
156

5.300430962818406e-08

1.102247982615015e+00

1.100000000000000e+00

0.000000000000000e+00
157

5.362885203849221e-08

1.099633837052388e+00

1.100000000000000e+00

0.000000000000000e+00
158

5.460919285247824e-08

1.100133222331545e+00

1.100000000000000e+00

0.000000000000000e+00
159

5.560919285247824e-08

1.099947363353089e+00

1.100000000000000e+00

0.000000000000000e+00
160

5.600000000000000e-08

1.099994767601232e+00

1.099999999999999e+00

0.000000000000000e+00
161

5.610000000000000e-08

1.099869910989109e+00

9.899999999999984e-01

0.000000000000000e+00
162

5.630000000000000e-08

1.099673622791213e+00

7.699999999999965e-01

0.000000000000000e+00
163

5.670000000000000e-08

1.099624955578126e+00

3.299999999999998e-01

0.000000000000000e+00
164

5.700000000000000e-08

1.099718064789153e+00

0.000000000000000e+00

0.000000000000000e+00
165

5.708000000000000e-08

1.099863074090174e+00

0.000000000000000e+00

0.000000000000000e+00
166

5.724000000000000e-08

1.100003023323194e+00

0.000000000000000e+00

0.000000000000000e+00
167

5.756000000000000e-08

1.099996636181045e+00

0.000000000000000e+00

0.000000000000000e+00
168

5.820000000000000e-08

1.099999591747039e+00

0.000000000000000e+00

0.000000000000000e+00
169

5.920000000000000e-08

1.099997868664137e+00

0.000000000000000e+00

0.000000000000000e+00
170

5.999999999999999e-08

1.099999314938626e+00

0.000000000000000e+00

0.000000000000000e+00
171

6.009999999999999e-08

1.100244751504073e+00

1.099999999999792e-01

1.099999999999792e-01
172

6.029999999999999e-08

1.100481631107148e+00

3.299999999999811e-01

3.299999999999811e-01
173

6.069999999999999e-08

1.038508792619887e+00

7.699999999999850e-01

7.699999999999850e-01
174

6.100000000000000e-08

8.898978647213444e-01

1.099999999999995e+00

1.099999999999995e+00
175

6.107949928545910e-08

8.359947360583390e-01

1.100000000000000e+00

1.100000000000000e+00
176

6.123849785637729e-08

7.291658501871052e-01

1.100000000000000e+00

1.100000000000000e+00
177

6.155649499821368e-08

5.230610249149978e-01

1.100000000000000e+00

1.100000000000000e+00
178

6.219248928188646e-08

2.085630212429046e-01

1.100000000000000e+00

1.100000000000000e+00
179

6.302383612148075e-08

3.291061335004016e-02

1.100000000000000e+00

1.100000000000000e+00
180

6.348999117615829e-08

1.230486851119194e-02

1.100000000000000e+00

1.100000000000000e+00
181

6.396295809692874e-08

4.474087756276820e-03

1.100000000000000e+00

1.100000000000000e+00
182

6.452558454968697e-08

1.274292103872261e-03

1.100000000000000e+00

1.100000000000000e+00
183

6.552558454968697e-08

1.011437943372428e-05

1.100000000000000e+00

1.100000000000000e+00
184

6.600000000000001e-08

7.122687375086942e-06

1.099999999999999e+00

1.100000000000000e+00
185

6.610000000000000e-08

-1.170954301496885e-04

9.900000000000057e-01

1.100000000000000e+00
186

6.630000000000000e-08

9.596021013668493e-04

7.700000000000037e-01

1.100000000000000e+00
187

6.651437623022497e-08

5.138722264230439e-02

5.341861467525443e-01

1.100000000000000e+00
188

6.670890938064970e-08

2.349225593363662e-01

3.201996812853346e-01

1.100000000000000e+00
189

6.695802741918879e-08

6.986498550782890e-01

4.616983889234483e-02

1.100000000000000e+00
190

6.700000000000000e-08

7.908064438640193e-01

4.094489504391507e-15

1.100000000000000e+00
191

6.704260474392963e-08

8.641632386328957e-01

0.000000000000000e+00

1.100000000000000e+00
192

6.712781423178888e-08

9.792670829055123e-01

0.000000000000000e+00

1.100000000000000e+00
193

6.729823320750739e-08

1.078733814686249e+00

0.000000000000000e+00

1.100000000000000e+00
194

6.758270451301656e-08

1.102388601825808e+00

0.000000000000000e+00

1.100000000000000e+00
195

6.788682874544069e-08

1.099614569216021e+00

0.000000000000000e+00

1.100000000000000e+00
196

6.838174724814216e-08

1.100138502988862e+00

0.000000000000000e+00

1.100000000000000e+00
197

6.937158425354508e-08

1.099905961435856e+00

0.000000000000000e+00

1.100000000000000e+00
198

7.000000000000000e-08

1.100040927219158e+00

0.000000000000000e+00

1.100000000000000e+00
199

7.010000000000000e-08

1.100214819071627e+00

1.099999999999937e-01

1.100000000000000e+00
200

7.030000000000000e-08

1.100293289582572e+00

3.299999999999957e-01

1.100000000000000e+00
201

7.070000000000000e-08

1.005876519220346e+00

7.699999999999997e-01

1.100000000000000e+00
202

7.100000000000000e-08

8.338368312792371e-01

1.099999999999995e+00

1.100000000000000e+00
203

7.106443486749293e-08

7.945935640734020e-01

1.100000000000000e+00

1.029121645757788e+00
204

7.119330460247877e-08

7.254690175026187e-01

1.100000000000000e+00

8.873649372733606e-01
205

7.145104407245047e-08

6.498643420354340e-01

1.100000000000000e+00

6.038515203044921e-01
206

7.196652301239385e-08

8.412466070255720e-01

1.100000000000000e+00

3.682468636676939e-02
207

7.200000000000001e-08

8.696115868660397e-01

1.100000000000000e+00

0.000000000000000e+00
208

7.206695397521232e-08

9.160354528520233e-01

1.100000000000000e+00

0.000000000000000e+00
209

7.220086192563694e-08

9.917251482282673e-01

1.100000000000000e+00

0.000000000000000e+00
210

7.246867782648618e-08

1.068477938378498e+00

1.100000000000000e+00

0.000000000000000e+00
211

7.300430962818467e-08

1.102247982615021e+00

1.100000000000000e+00

0.000000000000000e+00
212

7.362885203849281e-08

1.099633837052387e+00

1.100000000000000e+00

0.000000000000000e+00
213

7.460919285247938e-08

1.100133222331545e+00

1.100000000000000e+00

0.000000000000000e+00
214

7.560919285247938e-08

1.099947363353088e+00

1.100000000000000e+00

0.000000000000000e+00
215

7.600000000000001e-08

1.099994767601232e+00

1.099999999999999e+00

0.000000000000000e+00
216

7.610000000000000e-08

1.099869910989109e+00

9.900000000000057e-01

0.000000000000000e+00
217

7.630000000000000e-08

1.099673622791213e+00

7.700000000000037e-01

0.000000000000000e+00
218

7.670000000000001e-08

1.099624955578126e+00

3.299999999999998e-01

0.000000000000000e+00
219

7.700000000000000e-08

1.099718064789153e+00

4.094489504391507e-15

0.000000000000000e+00
220

7.708000000000000e-08

1.099863074090174e+00

0.000000000000000e+00

0.000000000000000e+00
221

7.724000000000000e-08

1.100003023323194e+00

0.000000000000000e+00

0.000000000000000e+00
222

7.755999999999999e-08

1.099996636181046e+00

0.000000000000000e+00

0.000000000000000e+00
223

7.819999999999999e-08

1.099999591747039e+00

0.000000000000000e+00

0.000000000000000e+00
224

7.919999999999998e-08

1.099997868664137e+00

0.000000000000000e+00

0.000000000000000e+00
225

8.000000000000000e-08

1.099999314938626e+00

0.000000000000000e+00

0.000000000000000e+00
226

8.010000000000000e-08

1.100244751504073e+00

1.099999999999937e-01

1.099999999999937e-01
227

8.030000000000000e-08

1.100481631107147e+00

3.299999999999957e-01

3.299999999999957e-01
228

8.070000000000000e-08

1.038508792619883e+00

7.699999999999997e-01

7.699999999999997e-01
229

8.100000000000000e-08

8.898978647213441e-01

1.099999999999995e+00

1.099999999999995e+00
230

8.107949928545909e-08

8.359947360583403e-01

1.100000000000000e+00

1.100000000000000e+00
231

8.123849785637729e-08

7.291658501871096e-01

1.100000000000000e+00

1.100000000000000e+00
232

8.155649499821368e-08

5.230610249150069e-01

1.100000000000000e+00

1.100000000000000e+00
233

8.219248928188644e-08

2.085630212429153e-01

1.100000000000000e+00

1.100000000000000e+00
234

8.302383612148074e-08

3.291061335004096e-02

1.100000000000000e+00

1.100000000000000e+00
235

8.348999117615828e-08

1.230486851119201e-02

1.100000000000000e+00

1.100000000000000e+00
236

8.396295809692872e-08

4.474087756276950e-03

1.100000000000000e+00

1.100000000000000e+00
237

8.452558454968695e-08

1.274292103872303e-03

1.100000000000000e+00

1.100000000000000e+00
238

8.552558454968695e-08

1.011437943372414e-05

1.100000000000000e+00

1.100000000000000e+00
239

8.600000000000000e-08

7.122687375086330e-06

1.099999999999999e+00

1.100000000000000e+00
240

8.610000000000000e-08

-1.170954301496885e-04

9.900000000000057e-01

1.100000000000000e+00
241

8.630000000000000e-08

9.596021013668493e-04

7.700000000000037e-01

1.100000000000000e+00
242

8.651437623022496e-08

5.138722264230439e-02

5.341861467525443e-01

1.100000000000000e+00
243

8.670890938064970e-08

2.349225593363662e-01

3.201996812853346e-01

1.100000000000000e+00
244

8.695802741918878e-08

6.986498550782890e-01

4.616983889234483e-02

1.100000000000000e+00
245

8.700000000000000e-08

7.908064438640193e-01

4.094489504391507e-15

1.100000000000000e+00
246

8.704260474392962e-08

8.641632386328957e-01

0.000000000000000e+00

1.100000000000000e+00
247

8.712781423178887e-08

9.792670829055123e-01

0.000000000000000e+00

1.100000000000000e+00
248

8.729823320750738e-08

1.078733814686249e+00

0.000000000000000e+00

1.100000000000000e+00
249

8.758270451301655e-08

1.102388601825808e+00

0.000000000000000e+00

1.100000000000000e+00
250

8.788682874544069e-08

1.099614569216021e+00

0.000000000000000e+00

1.100000000000000e+00
251

8.838174724814215e-08

1.100138502988862e+00

0.000000000000000e+00

1.100000000000000e+00
252

8.937158425354507e-08

1.099905961435856e+00

0.000000000000000e+00

1.100000000000000e+00
253

9.000000000000000e-08

1.100040927219158e+00

0.000000000000000e+00

1.100000000000000e+00
254

9.009999999999999e-08

1.100214819071627e+00

1.099999999999937e-01

1.100000000000000e+00
255

9.029999999999999e-08

1.100293289582572e+00

3.299999999999957e-01

1.100000000000000e+00
256

9.070000000000000e-08

1.005876519220346e+00

7.699999999999997e-01

1.100000000000000e+00
257

9.099999999999999e-08

8.338368312792371e-01

1.099999999999995e+00

1.100000000000000e+00
258

9.106443486749292e-08

7.945935640734020e-01

1.100000000000000e+00

1.029121645757788e+00
259

9.119330460247877e-08

7.254690175026187e-01

1.100000000000000e+00

8.873649372733606e-01
260

9.145104407245046e-08

6.498643420354340e-01

1.100000000000000e+00

6.038515203044921e-01
261

9.196652301239385e-08

8.412466070255720e-01

1.100000000000000e+00

3.682468636676939e-02
262

9.200000000000000e-08

8.696115868660397e-01

1.100000000000000e+00

0.000000000000000e+00
263

9.206695397521231e-08

9.160354528520233e-01

1.100000000000000e+00

0.000000000000000e+00
264

9.220086192563693e-08

9.917251482282673e-01

1.100000000000000e+00

0.000000000000000e+00
265

9.246867782648618e-08

1.068477938378498e+00

1.100000000000000e+00

0.000000000000000e+00
266

9.300430962818466e-08

1.102247982615021e+00

1.100000000000000e+00

0.000000000000000e+00
267

9.362885203849281e-08

1.099633837052387e+00

1.100000000000000e+00

0.000000000000000e+00
268

9.460919285247937e-08

1.100133222331545e+00

1.100000000000000e+00

0.000000000000000e+00
269

9.560919285247937e-08

1.099947363353088e+00

1.100000000000000e+00

0.000000000000000e+00
270

9.600000000000000e-08

1.099994767601232e+00

1.099999999999999e+00

0.000000000000000e+00
271

9.609999999999999e-08

1.099869910989109e+00

9.900000000000057e-01

0.000000000000000e+00
272

9.630000000000000e-08

1.099673622791213e+00

7.700000000000037e-01

0.000000000000000e+00
273

9.670000000000000e-08

1.099624955578126e+00

3.299999999999998e-01

0.000000000000000e+00
274

9.700000000000000e-08

1.099718064789153e+00

4.094489504391507e-15

0.000000000000000e+00
275

9.707999999999999e-08

1.099863074090174e+00

0.000000000000000e+00

0.000000000000000e+00
276

9.723999999999999e-08

1.100003023323194e+00

0.000000000000000e+00

0.000000000000000e+00
277

9.755999999999998e-08

1.099996636181046e+00

0.000000000000000e+00

0.000000000000000e+00
278

9.819999999999998e-08

1.099999591747039e+00

0.000000000000000e+00

0.000000000000000e+00
279

9.919999999999998e-08

1.099997868664137e+00

0.000000000000000e+00

0.000000000000000e+00
280

1.000000000000000e-07

1.099999314938626e+00

0.000000000000000e+00

0.000000000000000e+00
