Title:
*nand
Date:
Wed
Sep

1
12:04:33

2010
Plotname:
Transient
Analysis
Flags:
real
No.
Variables:
4
No.
Points:
266





Variables:

0
time
time

1
v(out)
voltage

2
v(a)
voltage

3
v(b)
voltage
Values:
0

0.000000000000000e+00

1.099999297977889e+00

0.000000000000000e+00

0.000000000000000e+00
1

5.000000000000001e-12

1.100008554215786e+00

5.500000000000001e-03

5.500000000000001e-03
2

1.000000000000000e-11

1.100017615876237e+00

1.100000000000000e-02

1.100000000000000e-02
3

2.000000000000000e-11

1.100035358286051e+00

2.200000000000000e-02

2.200000000000000e-02
4

4.000000000000000e-11

1.100068707779539e+00

4.400000000000000e-02

4.400000000000000e-02
5

8.000000000000001e-11

1.100128050524574e+00

8.800000000000001e-02

8.800000000000001e-02
6

1.600000000000000e-10

1.100225054169807e+00

1.760000000000000e-01

1.760000000000000e-01
7

3.200000000000000e-10

1.100311306524444e+00

3.520000000000000e-01

3.520000000000000e-01
8

6.400000000000001e-10

1.061954962336381e+00

7.040000000000001e-01

7.040000000000001e-01
9

1.000000000000000e-09

8.955427265668459e-01

1.100000000000000e+00

1.100000000000000e+00
10

1.064000000000000e-09

8.518992571448103e-01

1.100000000000000e+00

1.100000000000000e+00
11

1.192000000000000e-09

7.652436691816931e-01

1.100000000000000e+00

1.100000000000000e+00
12

1.448000000000000e-09

5.962030369532637e-01

1.100000000000000e+00

1.100000000000000e+00
13

1.960000000000000e-09

3.062952610052800e-01

1.100000000000000e+00

1.100000000000000e+00
14

2.960000000000000e-09

3.260652397308154e-02

1.100000000000000e+00

1.100000000000000e+00
15

3.498586059044713e-09

1.008365886572132e-02

1.100000000000000e+00

1.100000000000000e+00
16

3.924716021682073e-09

4.096409117501937e-03

1.100000000000000e+00

1.100000000000000e+00
17

4.488329912524854e-09

1.155999805817019e-03

1.100000000000000e+00

1.100000000000000e+00
18

5.488329912524854e-09

4.531464737354567e-06

1.100000000000000e+00

1.100000000000000e+00
19

6.000000000000000e-09

2.804165948483829e-06

1.100000000000000e+00

1.100000000000000e+00
20

6.100000000000000e-09

-5.286176235595800e-05

9.900000000000002e-01

1.100000000000000e+00
21

6.300000000000000e-09

1.490573465965704e-04

7.700000000000001e-01

1.100000000000000e+00
22

6.567821239130928e-09

2.334344017638798e-02

4.753966369559799e-01

1.100000000000000e+00
23

6.884359853684585e-09

1.468068054638704e-01

1.272041609469572e-01

1.100000000000000e+00
24

7.000000000000000e-09

2.263065295165659e-01

4.549312315749177e-16

1.100000000000000e+00
25

7.034554607423043e-09

2.525641884990926e-01

0.000000000000000e+00

1.100000000000000e+00
26

7.103663822269129e-09

3.046135110443786e-01

0.000000000000000e+00

1.100000000000000e+00
27

7.241882251961302e-09

4.058466786520111e-01

0.000000000000000e+00

1.100000000000000e+00
28

7.518319111345646e-09

5.948796596016224e-01

0.000000000000000e+00

1.100000000000000e+00
29

8.071192830114336e-09

8.808873507659721e-01

0.000000000000000e+00

1.100000000000000e+00
30

9.071192830114337e-09

1.087165482553660e+00

0.000000000000000e+00

1.100000000000000e+00
31

1.000000000000000e-08

1.099903381353992e+00

0.000000000000000e+00

1.100000000000000e+00
32

1.010000000000000e-08

1.099985862074422e+00

1.099999999999992e-01

1.100000000000000e+00
33

1.030000000000000e-08

1.099886058855924e+00

3.299999999999993e-01

1.100000000000000e+00
34

1.070000000000000e-08

1.004471376482899e+00

7.699999999999997e-01

1.100000000000000e+00
35

1.100000000000000e-08

8.313786195940647e-01

1.100000000000000e+00

1.099999999999999e+00
36

1.106419690590597e-08

7.921834644950875e-01

1.100000000000000e+00

1.029383403503429e+00
37

1.119259071771792e-08

7.231167017558568e-01

1.100000000000000e+00

8.881502105102875e-01
38

1.144937834134181e-08

6.442748452042414e-01

1.100000000000000e+00

6.056838245240049e-01
39

1.196295358858960e-08

7.386768924116602e-01

1.100000000000000e+00

4.075105255143994e-02
40

1.200000000000000e-08

7.580574839145566e-01

1.100000000000000e+00

4.549312315749177e-16
41

1.207409282282080e-08

7.945635398596104e-01

1.100000000000000e+00

0.000000000000000e+00
42

1.222227846846240e-08

8.615716910078187e-01

1.100000000000000e+00

0.000000000000000e+00
43

1.251864975974559e-08

9.615510152948850e-01

1.100000000000000e+00

0.000000000000000e+00
44

1.311139234231199e-08

1.062570231072324e+00

1.100000000000000e+00

0.000000000000000e+00
45

1.411139234231199e-08

1.100725288357144e+00

1.100000000000000e+00

0.000000000000000e+00
46

1.511139234231199e-08

1.099970991328219e+00

1.100000000000000e+00

0.000000000000000e+00
47

1.600000000000000e-08

1.099996731028290e+00

1.099999999999999e+00

0.000000000000000e+00
48

1.610000000000000e-08

1.099962145293502e+00

9.899999999999984e-01

0.000000000000000e+00
49

1.630000000000000e-08

1.099898675037235e+00

7.700000000000001e-01

0.000000000000000e+00
50

1.670000000000000e-08

1.099815276730693e+00

3.299999999999998e-01

0.000000000000000e+00
51

1.700000000000000e-08

1.099797876448563e+00

4.549312315749177e-16

0.000000000000000e+00
52

1.708000000000000e-08

1.099848473756032e+00

0.000000000000000e+00

0.000000000000000e+00
53

1.724000000000000e-08

1.099923829138924e+00

0.000000000000000e+00

0.000000000000000e+00
54

1.756000000000000e-08

1.099982635704343e+00

0.000000000000000e+00

0.000000000000000e+00
55

1.820000000000000e-08

1.099998546647490e+00

0.000000000000000e+00

0.000000000000000e+00
56

1.920000000000000e-08

1.099996235639293e+00

0.000000000000000e+00

0.000000000000000e+00
57

2.000000000000000e-08

1.099997512004026e+00

0.000000000000000e+00

0.000000000000000e+00
58

2.010000000000000e-08

1.100131373446408e+00

1.100000000000010e-01

1.100000000000010e-01
59

2.030000000000000e-08

1.100250223919327e+00

3.299999999999993e-01

3.299999999999993e-01
60

2.070000000000000e-08

1.037418139761798e+00

7.699999999999997e-01

7.699999999999997e-01
61

2.100000000000000e-08

8.876438886843546e-01

1.099999999999999e+00

1.099999999999999e+00
62

2.107882415748649e-08

8.340475835506727e-01

1.100000000000000e+00

1.100000000000000e+00
63

2.123647247245946e-08

7.278338366007031e-01

1.100000000000000e+00

1.100000000000000e+00
64

2.155176910240540e-08

5.229191208105979e-01

1.100000000000000e+00

1.100000000000000e+00
65

2.218236236229729e-08

2.097243843968290e-01

1.100000000000000e+00

1.100000000000000e+00
66

2.301218886788929e-08

3.309304740301661e-02

1.100000000000000e+00

1.100000000000000e+00
67

2.347644477925743e-08

1.239317850088324e-02

1.100000000000000e+00

1.100000000000000e+00
68

2.394689125768802e-08

4.518914267818007e-03

1.100000000000000e+00

1.100000000000000e+00
69

2.450754489485076e-08

1.286416623558636e-03

1.100000000000000e+00

1.100000000000000e+00
70

2.550754489485076e-08

4.930138074599380e-06

1.100000000000000e+00

1.100000000000000e+00
71

2.600000000000000e-08

2.911144663653543e-06

1.099999999999999e+00

1.100000000000000e+00
72

2.610000000000000e-08

-5.273458015952521e-05

9.899999999999984e-01

1.100000000000000e+00
73

2.630000000000000e-08

1.491423040017143e-04

7.700000000000001e-01

1.100000000000000e+00
74

2.656782067126933e-08

2.334339264286100e-02

4.753972616037361e-01

1.100000000000000e+00
75

2.688435822930280e-08

1.468058504121289e-01

1.272059477669209e-01

1.100000000000000e+00
76

2.700000000000000e-08

2.263065599095734e-01

4.549312315749177e-16

1.100000000000000e+00
77

2.703455451937385e-08

2.525641527730755e-01

0.000000000000000e+00

1.100000000000000e+00
78

2.710366355812154e-08

3.046133445420873e-01

0.000000000000000e+00

1.100000000000000e+00
79

2.724188163561692e-08

4.058462655468613e-01

0.000000000000000e+00

1.100000000000000e+00
80

2.751831779060770e-08

5.948788382714314e-01

0.000000000000000e+00

1.100000000000000e+00
81

2.807119010058924e-08

8.808863091643311e-01

0.000000000000000e+00

1.100000000000000e+00
82

2.907119010058924e-08

1.087165326394073e+00

0.000000000000000e+00

1.100000000000000e+00
83

3.000000000000000e-08

1.099903398377378e+00

0.000000000000000e+00

1.100000000000000e+00
84

3.010000000000000e-08

1.099985876351317e+00

1.100000000000010e-01

1.100000000000000e+00
85

3.030000000000001e-08

1.099886069286113e+00

3.300000000000030e-01

1.100000000000000e+00
86

3.070000000000000e-08

1.004471384172284e+00

7.699999999999997e-01

1.100000000000000e+00
87

3.100000000000000e-08

8.313786269659965e-01

1.099999999999995e+00

1.100000000000000e+00
88

3.106419690565383e-08

7.921834719513535e-01

1.100000000000000e+00

1.029383403780788e+00
89

3.119259071696149e-08

7.231167093058143e-01

1.100000000000000e+00

8.881502113423607e-01
90

3.144937833957681e-08

6.442748524008487e-01

1.100000000000000e+00

6.056838264655068e-01
91

3.196295358480746e-08

7.386768965949432e-01

1.100000000000000e+00

4.075105671179148e-02
92

3.200000000000000e-08

7.580574898422243e-01

1.100000000000000e+00

0.000000000000000e+00
93

3.207409283038508e-08

7.945635487856703e-01

1.100000000000000e+00

0.000000000000000e+00
94

3.222227849115524e-08

8.615717047087622e-01

1.100000000000000e+00

0.000000000000000e+00
95

3.251864981269555e-08

9.615510323438936e-01

1.100000000000000e+00

0.000000000000000e+00
96

3.311139245577617e-08

1.062570242970747e+00

1.100000000000000e+00

0.000000000000000e+00
97

3.411139245577617e-08

1.100725288322212e+00

1.100000000000000e+00

0.000000000000000e+00
98

3.511139245577618e-08

1.099970991329451e+00

1.100000000000000e+00

0.000000000000000e+00
99

3.600000000000000e-08

1.099996731026634e+00

1.099999999999999e+00

0.000000000000000e+00
100

3.610000000000001e-08

1.099962145292139e+00

9.899999999999984e-01

0.000000000000000e+00
101

3.630000000000001e-08

1.099898675036355e+00

7.699999999999965e-01

0.000000000000000e+00
102

3.670000000000000e-08

1.099815276730399e+00

3.299999999999998e-01

0.000000000000000e+00
103

3.700000000000001e-08

1.099797876448477e+00

0.000000000000000e+00

0.000000000000000e+00
104

3.708000000000001e-08

1.099848473755968e+00

0.000000000000000e+00

0.000000000000000e+00
105

3.724000000000001e-08

1.099923829138893e+00

0.000000000000000e+00

0.000000000000000e+00
106

3.756000000000001e-08

1.099982635704337e+00

0.000000000000000e+00

0.000000000000000e+00
107

3.820000000000000e-08

1.099998546647491e+00

0.000000000000000e+00

0.000000000000000e+00
108

3.920000000000001e-08

1.099996235639292e+00

0.000000000000000e+00

0.000000000000000e+00
109

4.000000000000000e-08

1.099997512004026e+00

0.000000000000000e+00

0.000000000000000e+00
110

4.010000000000000e-08

1.100131373446408e+00

1.100000000000010e-01

1.100000000000010e-01
111

4.030000000000000e-08

1.100250223919327e+00

3.300000000000030e-01

3.300000000000030e-01
112

4.070000000000000e-08

1.037418139761797e+00

7.699999999999997e-01

7.699999999999997e-01
113

4.100000000000000e-08

8.876438886843520e-01

1.100000000000000e+00

1.100000000000000e+00
114

4.107882415748649e-08

8.340475835506690e-01

1.100000000000000e+00

1.100000000000000e+00
115

4.123647247245946e-08

7.278338366006981e-01

1.100000000000000e+00

1.100000000000000e+00
116

4.155176910240541e-08

5.229191208105918e-01

1.100000000000000e+00

1.100000000000000e+00
117

4.218236236229730e-08

2.097243843968232e-01

1.100000000000000e+00

1.100000000000000e+00
118

4.301218886788932e-08

3.309304740301253e-02

1.100000000000000e+00

1.100000000000000e+00
119

4.347644477925746e-08

1.239317850088172e-02

1.100000000000000e+00

1.100000000000000e+00
120

4.394689125768806e-08

4.518914267817366e-03

1.100000000000000e+00

1.100000000000000e+00
121

4.450754489485080e-08

1.286416623558463e-03

1.100000000000000e+00

1.100000000000000e+00
122

4.550754489485080e-08

4.930138074618140e-06

1.100000000000000e+00

1.100000000000000e+00
123

4.600000000000000e-08

2.911144663660274e-06

1.099999999999999e+00

1.100000000000000e+00
124

4.610000000000000e-08

-5.273458015951953e-05

9.899999999999984e-01

1.100000000000000e+00
125

4.630000000000000e-08

1.491423040017412e-04

7.699999999999965e-01

1.100000000000000e+00
126

4.656782067126934e-08

2.334339264286168e-02

4.753972616037325e-01

1.100000000000000e+00
127

4.688435822930280e-08

1.468058504121296e-01

1.272059477669173e-01

1.100000000000000e+00
128

4.700000000000000e-08

2.263065599095744e-01

0.000000000000000e+00

1.100000000000000e+00
129

4.703455451937385e-08

2.525641527730765e-01

0.000000000000000e+00

1.100000000000000e+00
130

4.710366355812154e-08

3.046133445420882e-01

0.000000000000000e+00

1.100000000000000e+00
131

4.724188163561692e-08

4.058462655468620e-01

0.000000000000000e+00

1.100000000000000e+00
132

4.751831779060770e-08

5.948788382714317e-01

0.000000000000000e+00

1.100000000000000e+00
133

4.807119010058924e-08

8.808863091643310e-01

0.000000000000000e+00

1.100000000000000e+00
134

4.907119010058924e-08

1.087165326394073e+00

0.000000000000000e+00

1.100000000000000e+00
135

5.000000000000000e-08

1.099903398377378e+00

0.000000000000000e+00

1.100000000000000e+00
136

5.010000000000000e-08

1.099985876351317e+00

1.100000000000010e-01

1.100000000000000e+00
137

5.030000000000000e-08

1.099886069286112e+00

3.300000000000030e-01

1.100000000000000e+00
138

5.070000000000000e-08

1.004471384172282e+00

7.699999999999997e-01

1.100000000000000e+00
139

5.100000000000000e-08

8.313786269659907e-01

1.100000000000000e+00

1.100000000000000e+00
140

5.106419690565383e-08

7.921834719513471e-01

1.100000000000000e+00

1.029383403780788e+00
141

5.119259071696150e-08

7.231167093058073e-01

1.100000000000000e+00

8.881502113423535e-01
142

5.144937833957683e-08

6.442748524008438e-01

1.100000000000000e+00

6.056838264654922e-01
143

5.196295358480748e-08

7.386768965949481e-01

1.100000000000000e+00

4.075105671176964e-02
144

5.200000000000000e-08

7.580574898422189e-01

1.100000000000000e+00

0.000000000000000e+00
145

5.207409283038504e-08

7.945635487856471e-01

1.100000000000000e+00

0.000000000000000e+00
146

5.222227849115512e-08

8.615717047087098e-01

1.100000000000000e+00

0.000000000000000e+00
147

5.251864981269527e-08

9.615510323438167e-01

1.100000000000000e+00

0.000000000000000e+00
148

5.311139245577558e-08

1.062570242970689e+00

1.100000000000000e+00

0.000000000000000e+00
149

5.411139245577558e-08

1.100725288322212e+00

1.100000000000000e+00

0.000000000000000e+00
150

5.511139245577558e-08

1.099970991329451e+00

1.100000000000000e+00

0.000000000000000e+00
151

5.600000000000000e-08

1.099996731026634e+00

1.099999999999999e+00

0.000000000000000e+00
152

5.610000000000000e-08

1.099962145292139e+00

9.899999999999984e-01

0.000000000000000e+00
153

5.630000000000000e-08

1.099898675036354e+00

7.699999999999965e-01

0.000000000000000e+00
154

5.670000000000000e-08

1.099815276730398e+00

3.299999999999998e-01

0.000000000000000e+00
155

5.700000000000000e-08

1.099797876448477e+00

0.000000000000000e+00

0.000000000000000e+00
156

5.708000000000000e-08

1.099848473755968e+00

0.000000000000000e+00

0.000000000000000e+00
157

5.724000000000000e-08

1.099923829138893e+00

0.000000000000000e+00

0.000000000000000e+00
158

5.756000000000000e-08

1.099982635704336e+00

0.000000000000000e+00

0.000000000000000e+00
159

5.820000000000000e-08

1.099998546647490e+00

0.000000000000000e+00

0.000000000000000e+00
160

5.920000000000000e-08

1.099996235639292e+00

0.000000000000000e+00

0.000000000000000e+00
161

5.999999999999999e-08

1.099997512004026e+00

0.000000000000000e+00

0.000000000000000e+00
162

6.009999999999999e-08

1.100131373446408e+00

1.099999999999792e-01

1.099999999999792e-01
163

6.029999999999999e-08

1.100250223919327e+00

3.299999999999811e-01

3.299999999999811e-01
164

6.069999999999999e-08

1.037418139761800e+00

7.699999999999850e-01

7.699999999999850e-01
165

6.100000000000000e-08

8.876438886843553e-01

1.099999999999995e+00

1.099999999999995e+00
166

6.107882415748649e-08

8.340475835506712e-01

1.100000000000000e+00

1.100000000000000e+00
167

6.123647247245946e-08

7.278338366006974e-01

1.100000000000000e+00

1.100000000000000e+00
168

6.155176910240541e-08

5.229191208105849e-01

1.100000000000000e+00

1.100000000000000e+00
169

6.218236236229732e-08

2.097243843968123e-01

1.100000000000000e+00

1.100000000000000e+00
170

6.301218886788931e-08

3.309304740301514e-02

1.100000000000000e+00

1.100000000000000e+00
171

6.347644477925744e-08

1.239317850088305e-02

1.100000000000000e+00

1.100000000000000e+00
172

6.394689125768804e-08

4.518914267817795e-03

1.100000000000000e+00

1.100000000000000e+00
173

6.450754489485079e-08

1.286416623558583e-03

1.100000000000000e+00

1.100000000000000e+00
174

6.550754489485078e-08

4.930138074618800e-06

1.100000000000000e+00

1.100000000000000e+00
175

6.600000000000001e-08

2.911144663658697e-06

1.099999999999999e+00

1.100000000000000e+00
176

6.610000000000000e-08

-5.273458015951739e-05

9.900000000000057e-01

1.100000000000000e+00
177

6.630000000000000e-08

1.491423040016894e-04

7.700000000000037e-01

1.100000000000000e+00
178

6.656782067126934e-08

2.334339264286031e-02

4.753972616037397e-01

1.100000000000000e+00
179

6.688435822930281e-08

1.468058504121294e-01

1.272059477669173e-01

1.100000000000000e+00
180

6.700000000000000e-08

2.263065599095694e-01

4.094489504391507e-15

1.100000000000000e+00
181

6.703455451937386e-08

2.525641527730715e-01

0.000000000000000e+00

1.100000000000000e+00
182

6.710366355812155e-08

3.046133445420831e-01

0.000000000000000e+00

1.100000000000000e+00
183

6.724188163561693e-08

4.058462655468568e-01

0.000000000000000e+00

1.100000000000000e+00
184

6.751831779060770e-08

5.948788382714266e-01

0.000000000000000e+00

1.100000000000000e+00
185

6.807119010058924e-08

8.808863091643269e-01

0.000000000000000e+00

1.100000000000000e+00
186

6.907119010058924e-08

1.087165326394072e+00

0.000000000000000e+00

1.100000000000000e+00
187

7.000000000000000e-08

1.099903398377378e+00

0.000000000000000e+00

1.100000000000000e+00
188

7.010000000000000e-08

1.099985876351317e+00

1.099999999999937e-01

1.100000000000000e+00
189

7.030000000000000e-08

1.099886069286113e+00

3.299999999999957e-01

1.100000000000000e+00
190

7.070000000000000e-08

1.004471384172284e+00

7.699999999999997e-01

1.100000000000000e+00
191

7.100000000000000e-08

8.313786269659965e-01

1.099999999999995e+00

1.100000000000000e+00
192

7.106419690565384e-08

7.921834719513535e-01

1.100000000000000e+00

1.029383403780788e+00
193

7.119259071696150e-08

7.231167093058143e-01

1.100000000000000e+00

8.881502113423607e-01
194

7.144937833957682e-08

6.442748524008487e-01

1.100000000000000e+00

6.056838264655068e-01
195

7.196295358480746e-08

7.386768965949421e-01

1.100000000000000e+00

4.075105671179876e-02
196

7.200000000000001e-08

7.580574898422264e-01

1.100000000000000e+00

0.000000000000000e+00
197

7.207409283038510e-08

7.945635487856777e-01

1.100000000000000e+00

0.000000000000000e+00
198

7.222227849115528e-08

8.615717047087788e-01

1.100000000000000e+00

0.000000000000000e+00
199

7.251864981269565e-08

9.615510323439188e-01

1.100000000000000e+00

0.000000000000000e+00
200

7.311139245577638e-08

1.062570242970766e+00

1.100000000000000e+00

0.000000000000000e+00
201

7.411139245577637e-08

1.100725288322211e+00

1.100000000000000e+00

0.000000000000000e+00
202

7.511139245577637e-08

1.099970991329451e+00

1.100000000000000e+00

0.000000000000000e+00
203

7.600000000000001e-08

1.099996731026634e+00

1.099999999999999e+00

0.000000000000000e+00
204

7.610000000000000e-08

1.099962145292139e+00

9.900000000000057e-01

0.000000000000000e+00
205

7.630000000000000e-08

1.099898675036355e+00

7.700000000000037e-01

0.000000000000000e+00
206

7.670000000000001e-08

1.099815276730399e+00

3.299999999999998e-01

0.000000000000000e+00
207

7.700000000000000e-08

1.099797876448477e+00

4.094489504391507e-15

0.000000000000000e+00
208

7.708000000000000e-08

1.099848473755968e+00

0.000000000000000e+00

0.000000000000000e+00
209

7.724000000000000e-08

1.099923829138893e+00

0.000000000000000e+00

0.000000000000000e+00
210

7.755999999999999e-08

1.099982635704337e+00

0.000000000000000e+00

0.000000000000000e+00
211

7.819999999999999e-08

1.099998546647491e+00

0.000000000000000e+00

0.000000000000000e+00
212

7.919999999999998e-08

1.099996235639292e+00

0.000000000000000e+00

0.000000000000000e+00
213

8.000000000000000e-08

1.099997512004026e+00

0.000000000000000e+00

0.000000000000000e+00
214

8.010000000000000e-08

1.100131373446408e+00

1.099999999999937e-01

1.099999999999937e-01
215

8.030000000000000e-08

1.100250223919327e+00

3.299999999999957e-01

3.299999999999957e-01
216

8.070000000000000e-08

1.037418139761797e+00

7.699999999999997e-01

7.699999999999997e-01
217

8.100000000000000e-08

8.876438886843557e-01

1.099999999999995e+00

1.099999999999995e+00
218

8.107882415748648e-08

8.340475835506725e-01

1.100000000000000e+00

1.100000000000000e+00
219

8.123647247245946e-08

7.278338366007008e-01

1.100000000000000e+00

1.100000000000000e+00
220

8.155176910240541e-08

5.229191208105917e-01

1.100000000000000e+00

1.100000000000000e+00
221

8.218236236229730e-08

2.097243843968201e-01

1.100000000000000e+00

1.100000000000000e+00
222

8.301218886788929e-08

3.309304740301565e-02

1.100000000000000e+00

1.100000000000000e+00
223

8.347644477925743e-08

1.239317850088308e-02

1.100000000000000e+00

1.100000000000000e+00
224

8.394689125768802e-08

4.518914267817870e-03

1.100000000000000e+00

1.100000000000000e+00
225

8.450754489485077e-08

1.286416623558604e-03

1.100000000000000e+00

1.100000000000000e+00
226

8.550754489485076e-08

4.930138074616025e-06

1.100000000000000e+00

1.100000000000000e+00
227

8.600000000000000e-08

2.911144663657347e-06

1.099999999999999e+00

1.100000000000000e+00
228

8.610000000000000e-08

-5.273458015951845e-05

9.900000000000057e-01

1.100000000000000e+00
229

8.630000000000000e-08

1.491423040016886e-04

7.700000000000037e-01

1.100000000000000e+00
230

8.656782067126933e-08

2.334339264286031e-02

4.753972616037397e-01

1.100000000000000e+00
231

8.688435822930280e-08

1.468058504121293e-01

1.272059477669173e-01

1.100000000000000e+00
232

8.700000000000000e-08

2.263065599095693e-01

4.094489504391507e-15

1.100000000000000e+00
233

8.703455451937385e-08

2.525641527730714e-01

0.000000000000000e+00

1.100000000000000e+00
234

8.710366355812154e-08

3.046133445420830e-01

0.000000000000000e+00

1.100000000000000e+00
235

8.724188163561692e-08

4.058462655468567e-01

0.000000000000000e+00

1.100000000000000e+00
236

8.751831779060769e-08

5.948788382714261e-01

0.000000000000000e+00

1.100000000000000e+00
237

8.807119010058923e-08

8.808863091643266e-01

0.000000000000000e+00

1.100000000000000e+00
238

8.907119010058923e-08

1.087165326394072e+00

0.000000000000000e+00

1.100000000000000e+00
239

9.000000000000000e-08

1.099903398377378e+00

0.000000000000000e+00

1.100000000000000e+00
240

9.009999999999999e-08

1.099985876351317e+00

1.099999999999937e-01

1.100000000000000e+00
241

9.029999999999999e-08

1.099886069286112e+00

3.299999999999957e-01

1.100000000000000e+00
242

9.070000000000000e-08

1.004471384172284e+00

7.699999999999997e-01

1.100000000000000e+00
243

9.099999999999999e-08

8.313786269659965e-01

1.099999999999995e+00

1.100000000000000e+00
244

9.106419690565383e-08

7.921834719513534e-01

1.100000000000000e+00

1.029383403780788e+00
245

9.119259071696149e-08

7.231167093058138e-01

1.100000000000000e+00

8.881502113423607e-01
246

9.144937833957681e-08

6.442748524008475e-01

1.100000000000000e+00

6.056838264655068e-01
247

9.196295358480746e-08

7.386768965949406e-01

1.100000000000000e+00

4.075105671179876e-02
248

9.200000000000000e-08

7.580574898422251e-01

1.100000000000000e+00

0.000000000000000e+00
249

9.207409283038509e-08

7.945635487856767e-01

1.100000000000000e+00

0.000000000000000e+00
250

9.222227849115528e-08

8.615717047087783e-01

1.100000000000000e+00

0.000000000000000e+00
251

9.251864981269564e-08

9.615510323439185e-01

1.100000000000000e+00

0.000000000000000e+00
252

9.311139245577637e-08

1.062570242970766e+00

1.100000000000000e+00

0.000000000000000e+00
253

9.411139245577637e-08

1.100725288322211e+00

1.100000000000000e+00

0.000000000000000e+00
254

9.511139245577636e-08

1.099970991329451e+00

1.100000000000000e+00

0.000000000000000e+00
255

9.600000000000000e-08

1.099996731026634e+00

1.099999999999999e+00

0.000000000000000e+00
256

9.609999999999999e-08

1.099962145292139e+00

9.900000000000057e-01

0.000000000000000e+00
257

9.630000000000000e-08

1.099898675036355e+00

7.700000000000037e-01

0.000000000000000e+00
258

9.670000000000000e-08

1.099815276730398e+00

3.299999999999998e-01

0.000000000000000e+00
259

9.700000000000000e-08

1.099797876448477e+00

4.094489504391507e-15

0.000000000000000e+00
260

9.707999999999999e-08

1.099848473755968e+00

0.000000000000000e+00

0.000000000000000e+00
261

9.723999999999999e-08

1.099923829138893e+00

0.000000000000000e+00

0.000000000000000e+00
262

9.755999999999998e-08

1.099982635704337e+00

0.000000000000000e+00

0.000000000000000e+00
263

9.819999999999998e-08

1.099998546647491e+00

0.000000000000000e+00

0.000000000000000e+00
264

9.919999999999998e-08

1.099996235639292e+00

0.000000000000000e+00

0.000000000000000e+00
265

1.000000000000000e-07

1.099997512004026e+00

0.000000000000000e+00

0.000000000000000e+00
