Title:
*nand
Date:
Tue
Jan
24
15:36:55

2012
Plotname:
Transient
Analysis
Flags:
real
No.
Variables:
4
No.
Points:
254





Variables:

0
time
time

1
v(out)
voltage

2
v(a)
voltage

3
v(b)
voltage
Values:
0

0.000000000000000e+00

1.099999297977889e+00

0.000000000000000e+00

0.000000000000000e+00
1

5.000000000000001e-12

1.100388463349262e+00

5.500000000000001e-03

5.500000000000001e-03
2

1.000000000000000e-11

1.100436308102314e+00

1.100000000000000e-02

1.100000000000000e-02
3

2.000000000000000e-11

1.100450939103694e+00

2.200000000000000e-02

2.200000000000000e-02
4

4.000000000000000e-11

1.100450074540260e+00

4.400000000000000e-02

4.400000000000000e-02
5

8.000000000000001e-11

1.100476559254529e+00

8.800000000000001e-02

8.800000000000001e-02
6

1.600000000000000e-10

1.100515855100123e+00

1.760000000000000e-01

1.760000000000000e-01
7

3.200000000000000e-10

1.100329754484923e+00

3.520000000000000e-01

3.520000000000000e-01
8

6.400000000000001e-10

3.375751519952792e-02

7.040000000000001e-01

7.040000000000001e-01
9

1.000000000000000e-09

-7.278028945112781e-03

1.100000000000000e+00

1.100000000000000e+00
10

1.064000000000000e-09

-1.768163065358104e-04

1.100000000000000e+00

1.100000000000000e+00
11

1.192000000000000e-09

1.705564802596978e-04

1.100000000000000e+00

1.100000000000000e+00
12

1.448000000000000e-09

-1.619541105980462e-04

1.100000000000000e+00

1.100000000000000e+00
13

1.960000000000000e-09

1.636072214638889e-04

1.100000000000000e+00

1.100000000000000e+00
14

2.960000000000000e-09

-1.588553588879371e-04

1.100000000000000e+00

1.100000000000000e+00
15

3.960000000000000e-09

1.610990542479655e-04

1.100000000000000e+00

1.100000000000000e+00
16

4.959999999999999e-09

-1.561856664224826e-04

1.100000000000000e+00

1.100000000000000e+00
17

5.959999999999999e-09

1.587547126383906e-04

1.100000000000000e+00

1.100000000000000e+00
18

6.000000000000000e-09

-1.281605156400636e-04

1.100000000000000e+00

1.100000000000000e+00
19

6.080000000000001e-09

-3.340334217713033e-04

1.011999999999999e+00

1.100000000000000e+00
20

6.240000000000004e-09

2.386918875243489e-05

8.359999999999957e-01

1.100000000000000e+00
21

6.560000000000010e-09

6.893485055618018e-01

4.839999999999897e-01

1.100000000000000e+00
22

7.000000000000000e-09

1.102627935343761e+00

4.549312315749177e-16

1.100000000000000e+00
23

7.064000000000001e-09

1.100053077044808e+00

0.000000000000000e+00

1.100000000000000e+00
24

7.192000000000003e-09

1.099948175822901e+00

0.000000000000000e+00

1.100000000000000e+00
25

7.448000000000007e-09

1.100049534017895e+00

0.000000000000000e+00

1.100000000000000e+00
26

7.960000000000016e-09

1.099949899541388e+00

0.000000000000000e+00

1.100000000000000e+00
27

8.960000000000017e-09

1.100048678122460e+00

0.000000000000000e+00

1.100000000000000e+00
28

9.960000000000018e-09

1.099950474363313e+00

0.000000000000000e+00

1.100000000000000e+00
29

1.000000000000000e-08

1.100041694702364e+00

0.000000000000000e+00

1.100000000000000e+00
30

1.007999999999997e-08

1.100402660890822e+00

8.799999999996148e-02

1.100000000000000e+00
31

1.023999999999990e-08

1.100516100357526e+00

2.639999999998844e-01

1.100000000000000e+00
32

1.055999999999976e-08

5.887374501794391e-02

6.159999999997303e-01

1.100000000000000e+00
33

1.100000000000000e-08

-1.079178212984566e-02

1.100000000000000e+00

1.099999999999999e+00
34

1.106399999999997e-08

-1.017523834641013e-03

1.100000000000000e+00

1.029600000000030e+00
35

1.119199999999992e-08

-3.985751007967152e-04

1.100000000000000e+00

8.888000000000930e-01
36

1.144799999999980e-08

4.426153381204030e-02

1.100000000000000e+00

6.072000000002158e-01
37

1.195999999999958e-08

1.095115393027604e+00

1.100000000000000e+00

4.400000000046162e-02
38

1.200000000000000e-08

1.103115462546870e+00

1.100000000000000e+00

4.549312315749177e-16
39

1.208000000000084e-08

1.100046484779620e+00

1.100000000000000e+00

0.000000000000000e+00
40

1.224000000000252e-08

1.099950177544980e+00

1.100000000000000e+00

0.000000000000000e+00
41

1.256000000000587e-08

1.100043680260852e+00

1.100000000000000e+00

0.000000000000000e+00
42

1.320000000001258e-08

1.099951386293809e+00

1.100000000000000e+00

0.000000000000000e+00
43

1.420000000001258e-08

1.100043043416965e+00

1.100000000000000e+00

0.000000000000000e+00
44

1.520000000001258e-08

1.099951902372714e+00

1.100000000000000e+00

0.000000000000000e+00
45

1.600000000000000e-08

1.100042439476944e+00

1.099999999999999e+00

0.000000000000000e+00
46

1.610000000000000e-08

1.099804757630324e+00

9.899999999999984e-01

0.000000000000000e+00
47

1.630000000000000e-08

1.099761992725679e+00

7.700000000000001e-01

0.000000000000000e+00
48

1.670000000000000e-08

1.099780106656541e+00

3.299999999999998e-01

0.000000000000000e+00
49

1.700000000000000e-08

1.099799196588758e+00

4.549312315749177e-16

0.000000000000000e+00
50

1.708000000000000e-08

1.099993471785595e+00

0.000000000000000e+00

0.000000000000000e+00
51

1.724000000000000e-08

1.099998081663242e+00

0.000000000000000e+00

0.000000000000000e+00
52

1.756000000000000e-08

1.099993983618601e+00

0.000000000000000e+00

0.000000000000000e+00
53

1.820000000000000e-08

1.099998748413586e+00

0.000000000000000e+00

0.000000000000000e+00
54

1.920000000000000e-08

1.099994963262044e+00

0.000000000000000e+00

0.000000000000000e+00
55

2.000000000000000e-08

1.099999516137925e+00

0.000000000000000e+00

0.000000000000000e+00
56

2.010000000000000e-08

1.100473126832368e+00

1.100000000000010e-01

1.100000000000010e-01
57

2.030000000000000e-08

1.100201894655614e+00

3.299999999999993e-01

3.299999999999993e-01
58

2.070000000000000e-08

1.533187758345577e-02

7.699999999999997e-01

7.699999999999997e-01
59

2.100000000000000e-08

-6.127743715894052e-03

1.099999999999999e+00

1.099999999999999e+00
60

2.108000000000000e-08

-1.206968918140151e-04

1.100000000000000e+00

1.100000000000000e+00
61

2.124000000000000e-08

1.191834970366183e-04

1.100000000000000e+00

1.100000000000000e+00
62

2.156000000000000e-08

-1.124430114463017e-04

1.100000000000000e+00

1.100000000000000e+00
63

2.220000000000000e-08

1.150205547867490e-04

1.100000000000000e+00

1.100000000000000e+00
64

2.320000000000000e-08

-1.104212678778185e-04

1.100000000000000e+00

1.100000000000000e+00
65

2.420000000000000e-08

1.132955331829824e-04

1.100000000000000e+00

1.100000000000000e+00
66

2.520000000000000e-08

-1.086825225726369e-04

1.100000000000000e+00

1.100000000000000e+00
67

2.600000000000000e-08

1.114601658379837e-04

1.099999999999999e+00

1.100000000000000e+00
68

2.610000000000000e-08

-3.303237551981845e-04

9.899999999999984e-01

1.100000000000000e+00
69

2.630000000000000e-08

1.550100595398371e-03

7.700000000000001e-01

1.100000000000000e+00
70

2.670000000000000e-08

1.077788054357076e+00

3.299999999999998e-01

1.100000000000000e+00
71

2.700000000000000e-08

1.106215984630231e+00

4.549312315749177e-16

1.100000000000000e+00
72

2.708000000000000e-08

1.100101429328712e+00

0.000000000000000e+00

1.100000000000000e+00
73

2.724000000000000e-08

1.099901074521220e+00

0.000000000000000e+00

1.100000000000000e+00
74

2.756000000000000e-08

1.100096005016383e+00

0.000000000000000e+00

1.100000000000000e+00
75

2.820000000000000e-08

1.099903745312369e+00

0.000000000000000e+00

1.100000000000000e+00
76

2.920000000000000e-08

1.100094728334767e+00

0.000000000000000e+00

1.100000000000000e+00
77

3.000000000000000e-08

1.099904953806812e+00

0.000000000000000e+00

1.100000000000000e+00
78

3.010000000000000e-08

1.100410809475194e+00

1.100000000000010e-01

1.100000000000000e+00
79

3.030000000000001e-08

1.100546589480434e+00

3.300000000000030e-01

1.100000000000000e+00
80

3.070000000000000e-08

1.142699097616424e-02

7.699999999999997e-01

1.100000000000000e+00
81

3.100000000000000e-08

-7.338236151215783e-03

1.099999999999995e+00

1.100000000000000e+00
82

3.108000000000000e-08

-8.837761748321923e-04

1.100000000000000e+00

1.012000000000003e+00
83

3.123999999999999e-08

-2.354805043585617e-04

1.100000000000000e+00

8.360000000000076e-01
84

3.155999999999999e-08

7.560213691776643e-01

1.100000000000000e+00

4.840000000000088e-01
85

3.200000000000000e-08

1.103216698420077e+00

1.100000000000000e+00

0.000000000000000e+00
86

3.206400000000000e-08

1.100061856988347e+00

1.100000000000000e+00

0.000000000000000e+00
87

3.219200000000000e-08

1.099937287581264e+00

1.100000000000000e+00

0.000000000000000e+00
88

3.244800000000000e-08

1.100056086798928e+00

1.100000000000000e+00

0.000000000000000e+00
89

3.296000000000000e-08

1.099939205125760e+00

1.100000000000000e+00

0.000000000000000e+00
90

3.396000000000000e-08

1.100055194305057e+00

1.100000000000000e+00

0.000000000000000e+00
91

3.496000000000000e-08

1.099939865128383e+00

1.100000000000000e+00

0.000000000000000e+00
92

3.596000000000001e-08

1.100054492677681e+00

1.100000000000000e+00

0.000000000000000e+00
93

3.600000000000000e-08

1.099947652112563e+00

1.099999999999999e+00

0.000000000000000e+00
94

3.608000000000000e-08

1.099805671434601e+00

1.012000000000002e+00

0.000000000000000e+00
95

3.624000000000000e-08

1.099767439609140e+00

8.360000000000057e-01

0.000000000000000e+00
96

3.655999999999999e-08

1.099786317198788e+00

4.840000000000143e-01

0.000000000000000e+00
97

3.700000000000001e-08

1.099770248109022e+00

0.000000000000000e+00

0.000000000000000e+00
98

3.706400000000001e-08

1.099993678229966e+00

0.000000000000000e+00

0.000000000000000e+00
99

3.719200000000001e-08

1.100000123325359e+00

0.000000000000000e+00

0.000000000000000e+00
100

3.744800000000000e-08

1.099993976181267e+00

0.000000000000000e+00

0.000000000000000e+00
101

3.795999999999998e-08

1.100000317272959e+00

0.000000000000000e+00

0.000000000000000e+00
102

3.895999999999999e-08

1.099994518716861e+00

0.000000000000000e+00

0.000000000000000e+00
103

3.995999999999999e-08

1.100000825068379e+00

0.000000000000000e+00

0.000000000000000e+00
104

4.000000000000000e-08

1.099995023466452e+00

0.000000000000000e+00

0.000000000000000e+00
105

4.008000000000003e-08

1.100464962184083e+00

8.800000000002700e-02

8.800000000002700e-02
106

4.024000000000007e-08

1.100524313129901e+00

2.640000000000810e-01

2.640000000000810e-01
107

4.056000000000017e-08

1.725700498328282e-01

6.160000000001890e-01

6.160000000001890e-01
108

4.100000000000000e-08

-5.657495429317679e-03

1.100000000000000e+00

1.100000000000000e+00
109

4.106400000000002e-08

-1.372864270628027e-04

1.100000000000000e+00

1.100000000000000e+00
110

4.119200000000006e-08

1.332520687257692e-04

1.100000000000000e+00

1.100000000000000e+00
111

4.144800000000014e-08

-1.257229457032081e-04

1.100000000000000e+00

1.100000000000000e+00
112

4.196000000000030e-08

1.278314592898274e-04

1.100000000000000e+00

1.100000000000000e+00
113

4.296000000000030e-08

-1.232158366758122e-04

1.100000000000000e+00

1.100000000000000e+00
114

4.396000000000030e-08

1.258844230780596e-04

1.100000000000000e+00

1.100000000000000e+00
115

4.496000000000030e-08

-1.211894070704585e-04

1.100000000000000e+00

1.100000000000000e+00
116

4.596000000000031e-08

1.240579782498793e-04

1.100000000000000e+00

1.100000000000000e+00
117

4.600000000000000e-08

-9.938989663055623e-05

1.099999999999999e+00

1.100000000000000e+00
118

4.607999999999939e-08

-3.334214113141125e-04

1.012000000000671e+00

1.100000000000000e+00
119

4.623999999999817e-08

2.324271656908890e-05

8.360000000020148e-01

1.100000000000000e+00
120

4.655999999999573e-08

6.893587795010343e-01

4.840000000047021e-01

1.100000000000000e+00
121

4.700000000000000e-08

1.102627656213814e+00

0.000000000000000e+00

1.100000000000000e+00
122

4.706399999999951e-08

1.100053071344906e+00

0.000000000000000e+00

1.100000000000000e+00
123

4.719199999999853e-08

1.099948181269827e+00

0.000000000000000e+00

1.100000000000000e+00
124

4.744799999999658e-08

1.100049528694132e+00

0.000000000000000e+00

1.100000000000000e+00
125

4.795999999999268e-08

1.099949904805454e+00

0.000000000000000e+00

1.100000000000000e+00
126

4.895999999999268e-08

1.100048672889572e+00

0.000000000000000e+00

1.100000000000000e+00
127

4.995999999999268e-08

1.099950479566355e+00

0.000000000000000e+00

1.100000000000000e+00
128

5.000000000000000e-08

1.100041690210842e+00

0.000000000000000e+00

1.100000000000000e+00
129

5.008000000001463e-08

1.100402660811233e+00

8.800000001609945e-02

1.100000000000000e+00
130

5.024000000004391e-08

1.100516100455664e+00

2.640000000482983e-01

1.100000000000000e+00
131

5.056000000010245e-08

5.887373929738401e-02

6.160000001126961e-01

1.100000000000000e+00
132

5.100000000000000e-08

-1.079177971945205e-02

1.100000000000000e+00

1.100000000000000e+00
133

5.106400000001171e-08

-1.017523757134079e-03

1.100000000000000e+00

1.029599999987125e+00
134

5.119200000003512e-08

-3.985751759967269e-04

1.100000000000000e+00

8.887999999613641e-01
135

5.144800000008196e-08

4.426153399092615e-02

1.100000000000000e+00

6.071999999098429e-01
136

5.196000000017563e-08

1.095115392985382e+00

1.100000000000000e+00

4.399999980680789e-02
137

5.200000000000000e-08

1.103115462580135e+00

1.100000000000000e+00

0.000000000000000e+00
138

5.207999999964875e-08

1.100046484780357e+00

1.100000000000000e+00

0.000000000000000e+00
139

5.223999999894623e-08

1.099950177544280e+00

1.100000000000000e+00

0.000000000000000e+00
140

5.255999999754121e-08

1.100043680261537e+00

1.100000000000000e+00

0.000000000000000e+00
141

5.319999999473116e-08

1.099951386293132e+00

1.100000000000000e+00

0.000000000000000e+00
142

5.419999999473117e-08

1.100043043417640e+00

1.100000000000000e+00

0.000000000000000e+00
143

5.519999999473117e-08

1.099951902372044e+00

1.100000000000000e+00

0.000000000000000e+00
144

5.600000000000000e-08

1.100042439477612e+00

1.099999999999999e+00

0.000000000000000e+00
145

5.610000000000000e-08

1.099804757630333e+00

9.899999999999984e-01

0.000000000000000e+00
146

5.630000000000000e-08

1.099761992725672e+00

7.699999999999965e-01

0.000000000000000e+00
147

5.670000000000000e-08

1.099780106656546e+00

3.299999999999998e-01

0.000000000000000e+00
148

5.700000000000000e-08

1.099799196588754e+00

0.000000000000000e+00

0.000000000000000e+00
149

5.708000000000000e-08

1.099993471785595e+00

0.000000000000000e+00

0.000000000000000e+00
150

5.724000000000000e-08

1.099998081663242e+00

0.000000000000000e+00

0.000000000000000e+00
151

5.756000000000000e-08

1.099993983618601e+00

0.000000000000000e+00

0.000000000000000e+00
152

5.820000000000000e-08

1.099998748413586e+00

0.000000000000000e+00

0.000000000000000e+00
153

5.920000000000000e-08

1.099994963262044e+00

0.000000000000000e+00

0.000000000000000e+00
154

5.999999999999999e-08

1.099999516137925e+00

0.000000000000000e+00

0.000000000000000e+00
155

6.009999999999999e-08

1.100473126832368e+00

1.099999999999792e-01

1.099999999999792e-01
156

6.029999999999999e-08

1.100201894655615e+00

3.299999999999811e-01

3.299999999999811e-01
157

6.069999999999999e-08

1.533187758345753e-02

7.699999999999850e-01

7.699999999999850e-01
158

6.100000000000000e-08

-6.127743715894035e-03

1.099999999999995e+00

1.099999999999995e+00
159

6.108000000000000e-08

-1.206968918139756e-04

1.100000000000000e+00

1.100000000000000e+00
160

6.124000000000000e-08

1.191834970365740e-04

1.100000000000000e+00

1.100000000000000e+00
161

6.156000000000000e-08

-1.124430114462613e-04

1.100000000000000e+00

1.100000000000000e+00
162

6.220000000000000e-08

1.150205547867248e-04

1.100000000000000e+00

1.100000000000000e+00
163

6.320000000000000e-08

-1.104212678777794e-04

1.100000000000000e+00

1.100000000000000e+00
164

6.419999999999999e-08

1.132955331829313e-04

1.100000000000000e+00

1.100000000000000e+00
165

6.519999999999999e-08

-1.086825225726215e-04

1.100000000000000e+00

1.100000000000000e+00
166

6.600000000000001e-08

1.114601658379455e-04

1.099999999999999e+00

1.100000000000000e+00
167

6.610000000000000e-08

-3.303237551981343e-04

9.900000000000057e-01

1.100000000000000e+00
168

6.630000000000000e-08

1.550100595398198e-03

7.700000000000037e-01

1.100000000000000e+00
169

6.670000000000001e-08

1.077788054357076e+00

3.299999999999998e-01

1.100000000000000e+00
170

6.700000000000000e-08

1.106215984630231e+00

4.094489504391507e-15

1.100000000000000e+00
171

6.708000000000000e-08

1.100101429328712e+00

0.000000000000000e+00

1.100000000000000e+00
172

6.724000000000000e-08

1.099901074521220e+00

0.000000000000000e+00

1.100000000000000e+00
173

6.755999999999999e-08

1.100096005016383e+00

0.000000000000000e+00

1.100000000000000e+00
174

6.819999999999999e-08

1.099903745312369e+00

0.000000000000000e+00

1.100000000000000e+00
175

6.919999999999998e-08

1.100094728334767e+00

0.000000000000000e+00

1.100000000000000e+00
176

7.000000000000000e-08

1.099904953806812e+00

0.000000000000000e+00

1.100000000000000e+00
177

7.010000000000000e-08

1.100410809475194e+00

1.099999999999937e-01

1.100000000000000e+00
178

7.030000000000000e-08

1.100546589480434e+00

3.299999999999957e-01

1.100000000000000e+00
179

7.070000000000000e-08

1.142699097616452e-02

7.699999999999997e-01

1.100000000000000e+00
180

7.100000000000000e-08

-7.338236151215993e-03

1.099999999999995e+00

1.100000000000000e+00
181

7.108000000000000e-08

-8.837761748321426e-04

1.100000000000000e+00

1.012000000000011e+00
182

7.123999999999999e-08

-2.354805043586627e-04

1.100000000000000e+00

8.360000000000148e-01
183

7.155999999999999e-08

7.560213691775416e-01

1.100000000000000e+00

4.840000000000234e-01
184

7.200000000000001e-08

1.103216698420076e+00

1.100000000000000e+00

0.000000000000000e+00
185

7.206400000000000e-08

1.100061856988347e+00

1.100000000000000e+00

0.000000000000000e+00
186

7.219200000000000e-08

1.099937287581264e+00

1.100000000000000e+00

0.000000000000000e+00
187

7.244800000000000e-08

1.100056086798928e+00

1.100000000000000e+00

0.000000000000000e+00
188

7.296000000000000e-08

1.099939205125760e+00

1.100000000000000e+00

0.000000000000000e+00
189

7.396000000000000e-08

1.100055194305057e+00

1.100000000000000e+00

0.000000000000000e+00
190

7.495999999999999e-08

1.099939865128383e+00

1.100000000000000e+00

0.000000000000000e+00
191

7.595999999999999e-08

1.100054492677681e+00

1.100000000000000e+00

0.000000000000000e+00
192

7.600000000000001e-08

1.099947652112563e+00

1.099999999999999e+00

0.000000000000000e+00
193

7.608000000000004e-08

1.099805671434601e+00

1.011999999999958e+00

0.000000000000000e+00
194

7.624000000000012e-08

1.099767439609140e+00

8.359999999998747e-01

0.000000000000000e+00
195

7.656000000000027e-08

1.099786317198788e+00

4.839999999997086e-01

0.000000000000000e+00
196

7.700000000000000e-08

1.099770248109023e+00

4.094489504391507e-15

0.000000000000000e+00
197

7.706400000000003e-08

1.099993678229966e+00

0.000000000000000e+00

0.000000000000000e+00
198

7.719200000000010e-08

1.100000123325360e+00

0.000000000000000e+00

0.000000000000000e+00
199

7.744800000000022e-08

1.099993976181267e+00

0.000000000000000e+00

0.000000000000000e+00
200

7.796000000000045e-08

1.100000317272959e+00

0.000000000000000e+00

0.000000000000000e+00
201

7.896000000000045e-08

1.099994518716861e+00

0.000000000000000e+00

0.000000000000000e+00
202

7.996000000000045e-08

1.100000825068379e+00

0.000000000000000e+00

0.000000000000000e+00
203

8.000000000000000e-08

1.099995023466452e+00

0.000000000000000e+00

0.000000000000000e+00
204

8.007999999999911e-08

1.100464962184083e+00

8.799999999902247e-02

8.799999999902247e-02
205

8.023999999999734e-08

1.100524313129902e+00

2.639999999970674e-01

2.639999999970674e-01
206

8.055999999999378e-08

1.725700498780617e-01

6.159999999931572e-01

6.159999999931572e-01
207

8.100000000000000e-08

-5.657495428802510e-03

1.099999999999995e+00

1.099999999999995e+00
208

8.106399999999929e-08

-1.372864270512485e-04

1.100000000000000e+00

1.100000000000000e+00
209

8.119199999999787e-08

1.332520687147822e-04

1.100000000000000e+00

1.100000000000000e+00
210

8.144799999999503e-08

-1.257229456925034e-04

1.100000000000000e+00

1.100000000000000e+00
211

8.195999999998933e-08

1.278314592792577e-04

1.100000000000000e+00

1.100000000000000e+00
212

8.295999999998933e-08

-1.232158366652891e-04

1.100000000000000e+00

1.100000000000000e+00
213

8.395999999998932e-08

1.258844230676739e-04

1.100000000000000e+00

1.100000000000000e+00
214

8.495999999998932e-08

-1.211894070601116e-04

1.100000000000000e+00

1.100000000000000e+00
215

8.595999999998932e-08

1.240579782396032e-04

1.100000000000000e+00

1.100000000000000e+00
216

8.600000000000000e-08

-9.938989662733516e-05

1.099999999999999e+00

1.100000000000000e+00
217

8.608000000002137e-08

-3.334214113161225e-04

1.011999999976490e+00

1.100000000000000e+00
218

8.624000000006412e-08

2.324271727883909e-05

8.359999999294704e-01

1.100000000000000e+00
219

8.656000000014961e-08

6.893587818262279e-01

4.839999998354318e-01

1.100000000000000e+00
220

8.700000000000000e-08

1.102627656242608e+00

4.094489504391507e-15

1.100000000000000e+00
221

8.706400000001709e-08

1.100053071345479e+00

0.000000000000000e+00

1.100000000000000e+00
222

8.719200000005129e-08

1.099948181269278e+00

0.000000000000000e+00

1.100000000000000e+00
223

8.744800000011969e-08

1.100049528694669e+00

0.000000000000000e+00

1.100000000000000e+00
224

8.796000000025647e-08

1.099949904804923e+00

0.000000000000000e+00

1.100000000000000e+00
225

8.896000000025646e-08

1.100048672890099e+00

0.000000000000000e+00

1.100000000000000e+00
226

8.996000000025646e-08

1.099950479565831e+00

0.000000000000000e+00

1.100000000000000e+00
227

9.000000000000000e-08

1.100041690211254e+00

0.000000000000000e+00

1.100000000000000e+00
228

9.007999999948708e-08

1.100402660810970e+00

8.799999943578792e-02

1.100000000000000e+00
229

9.023999999846124e-08

1.100516100454113e+00

2.639999983073637e-01

1.100000000000000e+00
230

9.055999999640956e-08

5.887374244911894e-02

6.159999960505154e-01

1.100000000000000e+00
231

9.099999999999999e-08

-1.079177978140062e-02

1.099999999999995e+00

1.100000000000000e+00
232

9.106399999958965e-08

-1.017523760694016e-03

1.100000000000000e+00

1.029600000451384e+00
233

9.119199999876898e-08

-3.985751763059098e-04

1.100000000000000e+00

8.888000013541204e-01
234

9.144799999712764e-08

4.426153147460225e-02

1.100000000000000e+00

6.072000031595933e-01
235

9.195999999384495e-08

1.095115392884792e+00

1.100000000000000e+00

4.400000677055361e-02
236

9.200000000000000e-08

1.103115462716124e+00

1.100000000000000e+00

0.000000000000000e+00
237

9.208000001231010e-08

1.100046484774966e+00

1.100000000000000e+00

0.000000000000000e+00
238

9.224000003693030e-08

1.099950177549311e+00

1.100000000000000e+00

0.000000000000000e+00
239

9.256000008617070e-08

1.100043680256722e+00

1.100000000000000e+00

0.000000000000000e+00
240

9.320000018465150e-08

1.099951386297846e+00

1.100000000000000e+00

0.000000000000000e+00
241

9.420000018465150e-08

1.100043043412941e+00

1.100000000000000e+00

0.000000000000000e+00
242

9.520000018465149e-08

1.099951902376701e+00

1.100000000000000e+00

0.000000000000000e+00
243

9.600000000000000e-08

1.100042439472900e+00

1.099999999999999e+00

0.000000000000000e+00
244

9.609999999999999e-08

1.099804757630274e+00

9.900000000000057e-01

0.000000000000000e+00
245

9.630000000000000e-08

1.099761992725722e+00

7.700000000000037e-01

0.000000000000000e+00
246

9.670000000000000e-08

1.099780106656511e+00

3.299999999999998e-01

0.000000000000000e+00
247

9.700000000000000e-08

1.099799196588782e+00

4.094489504391507e-15

0.000000000000000e+00
248

9.707999999999999e-08

1.099993471785595e+00

0.000000000000000e+00

0.000000000000000e+00
249

9.723999999999999e-08

1.099998081663241e+00

0.000000000000000e+00

0.000000000000000e+00
250

9.755999999999998e-08

1.099993983618601e+00

0.000000000000000e+00

0.000000000000000e+00
251

9.819999999999998e-08

1.099998748413585e+00

0.000000000000000e+00

0.000000000000000e+00
252

9.919999999999998e-08

1.099994963262044e+00

0.000000000000000e+00

0.000000000000000e+00
253

1.000000000000000e-07

1.099999516137925e+00

0.000000000000000e+00

0.000000000000000e+00
